1.85765
0.815985
1.05848
0.769662
1.15222
1.29555
1.32098
0.968409
0.605567
2.79574
2.97601
0.843267
1.52373
2.148
2.48963
1.32734
2.40371
1.87815
0.886632
2.25671
0.550029
0.136741
1.57335
1.44161
0.0722154
0.444834
0.684863
2.6494
2.34995
1.22192
2.39894
0.0670042
1.55286
0.945685
2.99883
0.594966
1.70508
0.268338
0.305479
0.875011
2.71291
0.642735
0.801622
1.64618
0.308126
0.796526
0.192938
2.64869
0.864254
1.22006
2.35918
2.281
1.5794
0.572147
2.01632
1.1836
1.77092
1.87764
0.899775
0.881008
1.41523
1.59245
2.299
1.26745
1.32192
1.43332
2.77391
2.81857
0.914854
1.99388
0.503788
1.81416
2.43759
1.89032
1.76268
2.3759
1.40798
0.788385
2.95828
1.47584
2.26249
1.72881
1.17625
0.0183105
0.695769
2.82778
2.33586
2.47914
1.03457
1.40719
0.377589
1.01797
0.80406
1.77266
1.81685
1.65198
0.798624
0.236421
3.35537e-05
0.306923
0.854554
1.12929
1.04836
0.899962
2.20988
0.13948
0.739789
1.80241
1.40059
2.18115
2.86643
2.05382
2.52416
2.76711
0.660332
0.996498
2.36725
1.92514
1.19797
2.74549
0.647583
2.94788
2.88607
0.904991
0.900125
0.0994089
0.197417
0.652025
0.738929
1.15558
1.01343
1.02027
0.752337
1.65353
0.828583
2.1464
2.09135
1.48917
1.93578
1.47291
2.885
1.69547
0.629633
2.0634
0.652816
0.772326
2.67735
1.25253
0.779272
2.69462
1.07463
0.583994
1.43677
0.727613
1.10812
0.889854
1.56104
0.262341
2.32715
0.910436
0.793465
1.54423
0.571152
0.906891
1.16764
0.624246
1.43605
2.09386
0.960282
0.0725398
0.559766
0.0928881
0.920915
0.337248
1.36993
2.28753
1.01246
1.61195
1.11227
1.30055
1.41415
1.25114
1.86021
0.361287
1.27441
0.999383
0.972626
2.49196
0.762234
1.92654
2.35417
1.43061
1.66927
1.08979
2.58283
0.382929
2.89931
1.39194
2.66402
1.88187
0.432555
0.0816734
1.59944
0.278204
0.130356
0.531581
2.15665
0.152346
1.00922
1.67627
2.54232
2.76524
2.08257
1.48343
0.0353193
2.22883
2.946
1.7906
2.65625
0.632159
2.69085
2.63663
2.81063
2.00292
2.79364
0.920541
1.35729
1.98873
2.42964
2.96909
1.07495
0.19089
2.47888
0.525366
1.73232
1.13812
0.857353
0.617528
2.93486
1.57992
2.84033
1.92259
2.31521
0.687207
1.79928
1.5904
2.25854
1.62798
0.893397
1.7269
0.0537422
2.97587
0.200246
2.80826
2.71567
0.0834653
1.217
2.69041
0.331942
2.75086
2.47877
2.62275
0.223458
0.161756
1.78274
2.38048
1.23421
0.991104
0.657959
1.27162
2.63355
2.02463
0.726536
2.53665
0.765852
1.62688
0.731134
0.0386661
2.41641
0.846128
2.90588
0.0666549
2.69886
1.97457
1.38161
2.83219
2.36395
2.25953
1.39925
0.557814
1.07199
2.17907
2.78806
2.72654
0.227045
2.74609
0.994131
0.406959
1.52556
0.193352
0.185413
2.61674
1.08479
2.2966
0.113531
0.123664
1.81662
0.350865
2.6367
0.870103
1.37975
0.758182
1.2782
1.69294
0.302357
0.0971487
0.338091
0.657649
1.01075
1.62933
2.09785
0.0411597
1.6741
1.13504
1.23205
2.61295
0.846415
1.9904
1.94477
1.51438
0.403966
1.00456
1.55641
2.40243
1.80901
0.340672
2.66789
2.29683
2.93479
2.61574
2.46773
1.90564
0.854886
0.413232
1.80605
2.16337
1.45052
0.587623
1.10332
2.40695
0.414554
2.34468
0.293696
0.5116
2.82622
2.72441
2.22622
0.70358
0.507988
1.85253
0.589126
2.3257
1.14966
2.64009
0.349661
1.88722
2.62051
1.35373
0.506148
2.90822
0.162872
0.952593
2.25307
2.79782
1.58939
1.63556
0.452214
2.72357
0.930844
0.303268
1.66226
1.22664
2.92261
1.50706
1.81302
2.54484
0.647559
1.48194
2.1003
1.79851
1.01522
0.325157
2.28973
0.894341
2.04533
1.55992
1.7952
1.25051
1.44187
2.66103
2.87593
1.59926
0.335911
1.04623
0.196327
2.19254
1.3843
0.799898
2.63475
2.41215
0.570227
1.29435
2.89819
0.569777
1.46572
1.4326
0.892147
2.04129
0.143643
0.17194
2.54783
2.56877
2.28645
2.00049
1.0223
1.07816
2.5011
2.86478
0.263308
2.57323
2.50132
2.30554
2.58582
0.487809
1.34338
2.85884
2.39847
0.775194
1.05371
0.733004
1.32987
1.26562
1.41061
0.450671
0.36882
1.43676
1.07372
0.670094
1.99736
1.49845
2.34763
0.033408
2.72324
2.51581
2.97318
1.54501
1.91188
0.39162
0.585765
2.07141
0.364986
1.35924
0.815057
0.586042
2.77072
2.5851
0.239769
0.270621
0.961565
2.1248
2.2854
2.43861
2.97481
0.851251
2.72514
2.45334
2.80807
2.69865
1.61022
2.5953
2.11835
0.424955
2.04019
0.390926
0.999314
1.82538
2.31372
1.80271
2.59525
0.67875
1.60237
0.806061
2.13994
1.3017
2.45905
0.0698098
2.33009
2.5246
1.13931
0.572998
2.1426
2.9273
0.0520773
0.00586932
0.0213553
2.53995
1.0564
0.192139
2.20653
1.80408
0.338253
0.903048
1.71844
0.712709
0.257063
1.4072
2.60982
2.88063
0.0749037
0.398993
2.04146
0.757609
2.15564
1.51336
0.794847
0.261969
2.80381
1.51123
1.53254
0.516907
1.73173
1.55504
1.15817
1.92109
0.958661
1.28129
1.07219
0.81223
2.79682
0.739253
0.309996
2.77981
0.199868
1.08413
0.913334
2.62485
1.99789
2.26736
1.40242
0.649478
1.24823
0.513915
2.69291
2.41119
2.402
1.55189
0.0123211
0.0776624
1.09207
1.31369
0.607514
0.24671
2.35598
0.955565
1.38514
0.387329
1.62101
2.91645
0.756937
0.0784567
2.00515
0.474401
0.666491
1.85447
2.33438
2.82916
0.575757
2.82765
0.646284
0.610599
0.595781
2.74187
1.88902
0.989679
2.44323
1.73577
0.324822
1.38001
2.82717
0.436253
1.47789
2.80356
1.05576
0.548982
0.366217
0.148327
1.53948
0.998259
1.70447
0.418697
2.65947
0.904934
0.983234
2.91485
2.46384
2.08676
2.62864
2.58148
1.64157
2.79416
0.427665
2.14437
0.932934
2.67928
2.68029
1.36306
0.308633
1.19539
0.106809
2.49399
1.92353
0.600284
1.61489
2.65835
2.05655
1.29034
1.4925
1.31285
0.853993
0.0550804
0.599418
0.411524
1.82957
2.82947
0.18593
0.919849
1.16239
2.496
1.18033
0.419341
0.907611
0.46703
1.66405
1.46612
2.03539
2.99129
0.826435
0.105459
2.90893
0.00299219
1.88051
1.46367
1.52209
0.787494
0.752245
2.43608
1.56106
1.38406
0.263917
2.38012
1.1907
0.404924
0.104274
0.546701
1.29976
2.21413
0.737179
1.81171
2.76666
2.92776
2.16874
2.85257
0.0177473
0.373446
0.64579
0.177547
2.17982
2.02369
2.71481
0.210379
2.94461
2.67549
2.02159
1.54104
1.19153
0.942656
0.411298
1.19863
1.65747
1.49852
1.63233
1.21323
2.4135
0.264615
1.84193
1.47578
1.62047
1.57526
2.85792
2.39578
1.61714
2.88222
0.994358
1.41539
0.75147
1.34401
1.27328
2.34304
1.28872
1.08109
1.79952
2.22435
1.13924
2.2313
0.947574
2.27606
0.401127
1.76961
2.1797
1.43981
2.20371
0.51682
2.17585
1.89892
0.926686
2.24405
2.46591
1.38683
2.54963
1.814
0.778072
2.43397
2.75125
0.51254
2.48051
0.857095
2.93353
1.21043
2.18599
2.12326
1.73968
0.943098
0.58021
0.605144
2.94802
2.77827
2.44976
0.168909
1.5034
1.24789
0.0825918
2.38701
1.84199
1.49291
2.32406
1.76338
0.207506
1.22792
0.822025
0.946929
0.220369
0.620075
0.313988
1.85095
2.67214
1.50115
1.27662
0.165306
1.97044
0.820927
2.42996
1.57658
1.04662
1.17787
0.48484
1.47576
2.61412
0.580985
2.74192
2.46249
1.98365
2.78506
2.81347
2.06943
1.20764
0.845518
0.981469
1.43189
2.69029
1.42351
2.72382
1.46119
1.85021
0.633042
0.171533
1.51942
2.53238
0.0885387
2.20918
1.15793
2.85861
2.57892
0.688975
1.62206
0.926161
2.55852
1.76841
0.866863
1.90262
2.11732
1.33542
0.628059
0.00289052
1.28594
0.814075
1.06931
0.74038
2.36856
1.90115
2.84666
0.675701
0.118844
2.45476
2.80266
1.78425
2.89723
2.88886
2.35581
1.62793
2.76328
2.18284
2.77812
2.6268
2.18526
2.01084
1.10089
0.886162
0.252654
2.96151
1.77378
0.568802
0.285833
1.18433
1.24343
2.83275
1.29442
0.588983
1.27421
2.44669
2.26586
0.682814
2.35443
0.663609
1.22814
2.08408
2.50818
1.99366
0.96035
1.92598
0.537044
1.20377
2.29222
2.99992
0.0228522
2.82658
2.45415
1.18439
0.44622
2.31961
2.65184
2.64137
0.893245
2.41406
0.421864
1.80709
0.68643
1.5447
0.038555
0.763245
1.25707
2.89784
1.59375
2.13282
2.36964
0.183017
0.890722
0.110572
1.35688
2.50179
0.235472
0.170078
1.0317
2.19939
0.167859
1.5361
0.296086
0.973681
2.00812
1.09829
1.83067
0.115298
1.38517
1.20897
1.68047
0.295538
2.13658
2.13046
1.47721
2.73392
2.97265
2.12402
2.34354
2.49719
0.494795
1.94227
1.92865
1.79788
0.168308
1.1028
0.249217
1.59051
2.43636
1.59015
0.474665
1.5196
1.28689
1.49116
0.229424
2.31128
2.93152
1.62092
1.7883
1.67878
0.929397
1.0264
1.88581
0.113896
1.15605
2.37018
0.42364
2.68153
2.16067
2.65661
0.0973966
1.55936
2.88212
2.52089
1.68397
1.72803
1.93408
2.31135
0.589027
2.54436
1.84668
1.70623
2.93584
2.69837
2.59901
0.238494
1.80848
1.74842
0.531499
2.50563
1.5855
2.34072
0.177393
0.0451005
1.89479
0.98711
0.125433
0.60814
0.405119
2.48591
2.66933
1.23175
2.74945
0.89623
2.34221
2.48589
1.74552
2.86372
1.91497
1.11061
0.940084
0.428325
2.46284
1.76612
1.47372
0.910401
1.86401
2.64962
2.81843
1.20814
2.99053
0.677354
1.5265
1.29967
0.159847
0.845577
0.601976
2.59784
1.35611
2.08427
2.08587
2.96291
2.36646
0.704565
0.393879
0.782278
0.301334
2.95841
1.6949
0.568135
1.00492
0.230378
2.64518
1.40187
0.496533
1.70389
2.28352
2.39017
0.387862
2.57164
1.68394
1.56227
2.56273
0.497628
1.82558
2.87512
1.32359
0.610439
1.73187
0.776645
0.0575816
2.15588
1.66497
2.33542
1.20967
2.8862
2.50977
2.40941
0.375119
0.99695
0.486315
1.6482
2.88925
1.31729
0.157756
1.60657
1.49748
1.69039
1.22131
1.02907
2.84773
2.79389
0.407569
1.16417
1.91217
0.998319
0.188641
0.629007
0.387129
0.512575
0.0261022
2.71151
0.445881
2.56342
2.1687
2.66235
2.89592
1.56495
1.52856
2.48326
1.02463
1.64555
0.815886
2.58186
0.712502
2.3299
0.897831
2.14004
2.33256
2.35901
1.63239
1.41427
1.1868
2.26275
2.46838
2.56939
1.02322
0.194559
1.66525
0.404201
0.0826032
0.815995
2.7707
2.26802
2.14855
0.620953
1.01843
2.39764
2.1147
2.91258
0.554573
0.792962
2.49735
0.230993
0.0787046
1.9223
2.85707
0.488096
1.98743
1.35785
2.27695
1.53801
0.214428
1.16161
2.53172
0.150418
1.14474
0.592375
2.47325
0.844441
0.0123473
1.75535
2.26896
1.80976
2.43348
2.98132
0.320836
1.94898
0.791465
1.12792
0.549498
0.467466
1.06206
2.44503
2.09812
1.4336
1.42303
2.51361
2.79339
1.33032
1.2486
1.53807
0.540572
1.81658
1.02699
0.0189928
1.75342
0.805332
0.134491
0.535435
1.32534
1.51419
0.925472
1.81344
1.18222
1.61839
1.60404
0.76533
2.98538
1.15726
0.931717
0.86205
0.35937
2.64992
2.01839
1.38192
0.706103
2.58278
2.10679
0.855357
2.70822
2.64469
1.22728
1.84843
1.43525
0.212641
2.97487
1.13007
2.34944
0.72213
0.795578
0.0790827
0.962261
0.403696
2.58317
1.49335
0.14123
1.31912
2.10127
1.20194
0.254998
0.878628
0.350822
1.71287
0.29782
2.27384
0.838862
2.46341
2.33563
2.11067
0.627157
2.7695
1.27223
1.3756
1.18001
2.0928
0.849661
1.27478
0.165933
2.56554
0.375478
1.08841
1.94136
2.65068
2.14206
0.501784
2.11467
2.33261
0.170486
0.342607
1.16694
2.52095
0.575454
1.2925
2.27395
1.12584
1.4331
2.30033
2.02758
1.07412
0.885548
0.549735
1.97353
0.490401
2.89642
1.22354
0.950097
1.71206
1.85665
0.36262
1.53235
0.0830815
1.17613
2.68153
0.747728
1.75687
1.9771
0.2567
0.907851
0.221697
2.83012
0.960902
0.046875
1.65086
2.47615
2.99815
2.44663
1.09283
2.42767
0.403748
0.120053
2.79837
1.61421
1.57094
1.01501
1.24016
2.37848
0.167485
0.823265
0.258572
0.116933
1.99696
1.07848
1.38211
1.64358
2.15425
2.88596
0.0603666
2.46775
2.37467
1.15227
0.970279
2.1385
2.0376
1.29044
0.882302
0.104065
0.975419
0.845284
0.770974
0.770596
1.86078
2.05873
2.42253
2.35181
2.85534
0.208335
2.53225
1.28705
2.60987
1.04185
0.568732
0.677107
1.75067
2.11031
0.274709
1.65301
0.843935
0.682616
2.01946
2.17283
2.01608
2.16923
0.840622
2.67828
0.0593229
0.580162
0.369661
0.414729
2.1252
0.864993
0.0596567
1.73207
2.64115
0.5311
2.07091
1.24001
2.11221
0.242298
2.30203
2.34273
0.302452
0.236677
0.0406635
1.73797
0.641103
1.20889
1.18229
2.00617
2.41135
0.972192
0.52901
2.25435
2.46807
0.761706
1.20733
1.13484
0.650067
0.575253
2.477
0.443754
1.68566
2.71434
2.35983
0.182037
0.667295
2.12102
0.420531
2.6155
2.72189
1.42281
2.22973
0.660165
2.52773
0.60811
2.57546
2.64586
1.62605
1.17862
0.652588
2.37353
0.991151
0.31908
1.44916
2.98199
1.28513
2.95817
1.77852
1.14418
1.6877
2.35203
2.15512
2.61618
1.87568
1.60921
2.98302
0.727023
2.10116
2.70625
1.40704
2.75352
1.30514
0.542841
1.03763
1.34079
0.269411
2.61113
2.0344
1.92313
0.759706
1.71392
2.78225
0.857655
2.16793
0.948596
1.60255
0.276856
0.892819
2.5305
1.34568
2.67786
2.15032
0.83702
1.64143
2.53533
2.08399
0.329894
2.61958
2.57436
1.38322
0.466098
2.80658
1.20385
1.65457
0.172875
0.883159
0.797023
0.9548
1.50504
0.0517981
0.253342
0.360174
0.697982
0.370556
0.024025
0.256452
1.65633
1.18892
2.73279
2.99589
1.44019
0.980865
1.09028
1.51083
2.24301
1.20943
2.28582
0.67619
2.24498
1.8679
2.4558
0.172757
1.03179
0.635341
2.18788
2.96387
0.895928
2.05456
2.43328
0.373924
1.91702
2.86564
0.551771
1.27184
1.33579
2.44289
1.06916
2.4188
0.703998
1.65177
1.38123
2.21209
2.46276
2.05927
2.55384
1.14376
2.32003
0.935355
1.07356
1.751
2.48064
0.967398
0.736808
1.54335
2.12354
0.221973
0.0986485
2.76661
2.98418
0.54292
0.102735
0.0724867
2.01532
0.0800383
1.82665
1.07213
1.22982
1.70146
1.23966
1.4872
2.84841
0.98375
1.75591
1.62451
0.386689
0.322869
0.863969
1.67401
2.95919
0.38938
1.87847
0.554713
0.75825
1.15604
0.703248
1.82563
1.78637
2.01363
1.02279
1.93877
1.82691
2.07512
0.945718
1.88353
0.298452
2.48299
1.0871
0.906845
1.9487
0.467734
1.86252
0.0769779
2.79778
1.72681
0.236392
1.8385
0.3971
2.56286
2.04426
2.98926
1.27095
2.95831
0.192141
0.220489
1.0611
0.17054
0.892372
0.156156
1.47068
1.57124
0.224907
1.1369
2.40145
1.54986
0.453226
0.30345
0.0289654
0.716482
1.23449
1.0809
0.829603
1.50804
1.06584
2.21576
1.32462
1.91869
0.0549507
0.159501
2.48004
0.222976
0.800432
0.772441
2.84565
0.858496
1.63771
1.94048
1.2352
0.0630468
2.14813
0.98972
0.838219
0.0178401
0.891959
0.352843
2.52271
0.640563
2.19154
2.90718
0.966338
2.12857
2.33023
1.789
1.45945
2.98029
1.39845
2.26278
1.01209
0.31285
2.46427
2.99635
1.66526
0.935309
0.397594
1.70016
0.0734763
0.492409
2.01485
0.30502
0.347713
1.03306
0.991824
1.58362
1.09034
2.86765
0.164537
2.1658
2.32305
2.22425
1.45752
2.27055
2.22401
1.96204
0.613977
2.52725
0.542094
1.01475
2.67917
1.08036
1.65476
2.64474
2.29736
0.799545
1.88806
0.542956
2.88433
1.01725
0.717969
1.45943
2.06565
1.72459
0.392259
1.04667
1.80099
2.27086
2.771
0.976166
0.208289
1.51984
1.67421
1.66538
1.49127
2.9733
0.597423
0.732715
0.417176
0.797349
0.780292
2.12351
0.837985
1.9232
1.87139
0.637736
2.92523
2.85918
1.28685
1.26818
0.0866118
2.58393
1.97025
0.500471
0.207396
1.23834
1.38453
1.11115
1.9535
1.51407
2.08522
1.47134
1.32091
2.18677
2.1822
2.26095
0.492045
2.62689
0.363119
1.75562
1.16725
0.498631
0.720627
1.12725
0.738271
0.225295
2.92196
0.635574
2.37283
1.87396
1.22707
1.34858
2.21104
2.10036
2.27074
2.85542
1.08057
0.47207
0.199646
1.13061
2.86293
0.358843
2.73703
1.37886
2.50634
0.10049
2.86183
1.051
0.0594645
2.06669
1.00424
0.856337
0.39379
0.0459217
2.038
0.611612
1.08919
1.53721
2.87721
1.21572
0.66267
2.60499
1.14744
1.624
1.03985
0.056553
0.176722
0.276168
0.316331
2.22558
2.43023
0.38333
2.00538
0.225701
1.5356
0.235388
0.0429948
1.02854
2.09534
1.2987
0.5748
2.72309
0.708473
1.46735
2.46667
1.5716
0.406164
1.60149
2.19636
1.5652
0.0127217
2.21948
0.0342138
1.60327
0.226321
2.11411
2.14265
2.71812
2.22955
2.60133
0.2094
2.92437
1.28597
2.05724
2.95709
1.70144
1.94019
1.02217
2.81083
2.44907
2.10981
0.0641918
1.85617
2.30529
0.288348
1.28178
2.38546
0.426496
0.997742
1.60809
1.88317
1.1439
0.338623
2.20452
1.57682
0.225339
0.748597
2.72364
0.26587
2.66791
0.108122
1.71018
2.09789
0.747777
0.291548
2.28919
2.31869
1.04904
2.25774
1.9783
0.0833641
1.63781
2.48494
1.13469
2.9376
1.71933
1.98043
0.331577
2.36012
0.224666
2.91154
2.6093
2.62904
1.41257
2.63776
1.54029
2.3553
2.30906
1.00215
1.60212
1.79284
1.10706
1.97003
1.13476
1.36723
1.1598
2.08866
2.79849
0.346959
2.97857
1.32583
2.68025
1.69081
0.850154
2.9154
1.95254
2.73676
2.82689
1.84584
2.0081
0.0855728
0.428069
0.998605
1.11409
1.47335
2.2834
2.99073
1.42645
2.14639
1.33916
0.0562372
1.15783
1.29191
2.30597
1.93152
2.40167
0.892044
0.552197
2.1418
2.16013
0.102608
0.0481697
1.59581
0.36328
1.10048
1.34878
2.48399
2.8529
1.35251
0.480506
1.0025
1.25775
1.56705
1.16867
0.522434
2.18214
1.66788
0.295635
0.515661
0.579423
0.704067
2.21553
2.25181
2.07024
2.05188
2.38731
2.73825
2.51145
1.94282
2.01954
1.58751
2.21844
0.735563
1.84757
1.31799
0.870417
2.99077
0.823515
2.5531
2.5618
1.25819
0.488084
1.66833
0.445141
0.49687
1.90236
2.60329
2.29206
1.13108
1.76032
1.11015
0.876725
2.36065
0.368503
0.314742
2.92754
2.59699
0.214403
0.904942
0.310752
2.67851
0.311572
2.88304
2.21161
0.176187
2.28172
2.93061
2.29537
0.919244
1.68623
2.7104
1.76121
2.44759
1.58161
0.971454
1.1584
1.16443
0.601674
0.461349
2.65239
2.98066
0.224701
0.26011
0.518784
1.41101
2.05216
1.11498
1.19657
1.75914
1.31456
2.19403
2.6064
1.71743
0.359002
1.6752
1.03446
2.26925
1.42058
1.13506
2.89811
2.2603
1.33836
0.516213
1.56769
0.240463
2.68555
2.46444
1.86151
1.8628
1.1692
0.638265
0.454767
0.911391
2.30711
1.21029
1.19862
2.54376
2.33653
1.21017
1.7134
0.0157975
0.120536
0.082685
2.15983
2.35214
1.76861
1.57165
2.10151
2.79179
0.324764
0.165082
1.75553
1.06971
2.37677
1.36638
2.84291
2.67219
0.765724
2.38826
1.43325
2.48902
1.64496
2.00972
0.942133
1.41517
2.27726
0.738704
2.56682
0.600305
0.854499
2.97598
0.381896
1.76059
0.188689
0.798602
0.579953
1.55175
1.28584
1.79415
1.29964
1.02623
1.61264
0.826938
0.773616
2.08158
1.82344
0.463797
1.64268
2.37334
0.499078
0.669439
2.35754
2.82867
2.82185
2.51535
0.79486
2.16744
1.99717
1.39315
2.97176
2.12468
2.70337
1.57088
1.31648
1.43773
2.51378
2.98218
2.90173
1.86402
1.19452
0.908534
0.690347
2.06898
2.34864
0.0779475
2.9772
1.06869
1.57401
2.73769
1.93357
0.272249
1.28582
0.2226
1.82071
2.38315
2.39634
1.82636
0.317316
1.78335
0.83901
2.57337
2.78585
0.660142
0.00196215
0.515311
1.38169
0.423795
1.05867
1.01279
2.5893
2.87817
0.570231
2.33874
0.820758
2.54321
0.420089
1.53317
0.70534
0.883393
1.2573
1.9254
2.92663
2.84312
2.03384
2.04595
0.351046
0.47286
1.03874
1.60834
0.195568
2.78523
0.139277
0.667811
2.06001
0.820953
0.0629313
0.609162
2.48558
0.74508
1.74753
0.354252
1.52627
1.92202
2.20096
0.846773
2.57561
2.47569
0.661751
0.831077
0.187125
1.62499
2.81826
0.723379
1.99901
1.77882
0.798382
0.240493
0.380988
2.61213
1.61476
0.898006
1.27894
0.379497
2.80803
0.69051
0.713664
1.83175
1.63084
2.07879
1.50733
0.182658
1.02028
1.02855
1.04338
2.50163
1.12671
2.94144
2.23927
1.42328
1.02132
1.68538
0.704822
2.42984
2.6136
0.814142
0.38182
1.18229
0.506287
1.21556
0.840136
1.36967
2.83035
2.18831
2.99796
2.27711
2.83787
1.65881
2.85723
0.422847
2.94788
0.390909
2.83981
2.90802
1.12298
0.783016
0.273841
1.04599
1.38745
2.24396
1.96224
1.24084
1.86308
0.72041
2.94889
1.09355
0.758052
0.87008
1.96865
0.471125
2.42712
1.05008
1.20838
0.087442
0.495225
2.91799
0.675289
0.414602
2.82298
0.0421421
0.590532
2.43972
0.640707
1.85155
0.321517
2.70805
1.04204
1.93607
0.520342
2.70579
2.3113
2.24151
2.54362
1.77339
2.63762
0.870408
1.22687
2.48583
0.794539
1.07614
1.51171
1.13096
2.28078
1.71153
1.2738
2.55124
2.82418
1.2018
1.70838
1.68918
2.5272
2.6686
1.75962
0.453594
0.170892
0.191392
1.72233
2.10921
1.43345
1.4756
0.404593
0.571719
2.91491
1.97799
0.467606
2.77025
1.04034
1.14201
0.72898
0.895389
2.69607
2.58009
0.466533
1.78801
1.32075
2.6751
2.47233
1.9758
0.205086
1.74563
0.669658
0.187985
2.02763
1.73756
0.0502532
2.18046
1.7771
1.31793
0.305195
1.30101
2.28928
1.67085
0.188583
0.144358
2.11301
2.56769
0.614809
1.42483
0.240196
2.90633
2.52178
2.87095
1.7459
0.395459
2.08666
1.90645
2.15871
0.608699
2.22036
2.71646
0.261996
2.6729
1.35084
1.70283
1.30655
2.40215
0.329649
2.36374
0.399808
2.3054
1.12921
1.42349
2.42089
1.20861
0.73262
1.31611
1.9568
0.225712
0.684379
2.08944
2.78072
1.27707
1.3608
1.70826
2.3885
0.15677
2.49704
0.903137
1.30184
2.42752
1.03346
2.88677
0.986087
0.535745
0.76034
2.06362
1.91213
0.726538
1.29546
1.39496
0.798853
2.41424
2.44215
2.82698
2.94341
1.59461
0.774253
2.83275
2.07547
0.80377
2.24402
0.73338
0.635819
1.09831
2.9028
2.50904
0.304432
0.958395
0.680449
2.4808
1.6914
2.27759
2.28425
2.09682
1.39456
2.29692
0.738941
0.893176
1.25968
2.33436
2.25383
0.689568
1.20237
1.15019
1.13482
0.390696
0.0895951
2.22114
2.96005
2.78525
0.0506765
0.666438
2.21673
2.27277
2.44172
0.54612
1.6156
2.032
0.897049
0.207468
0.251297
2.91579
2.09202
1.28722
1.67116
0.962835
0.938732
1.43023
1.3932
2.11569
2.2243
1.08799
0.639927
0.327972
2.69409
0.224327
2.7166
0.688126
2.42338
2.08753
1.29203
1.39848
0.758189
2.94157
0.242686
0.146633
0.847769
0.997575
0.456356
1.72618
0.544782
0.779479
1.57578
0.665579
2.13982
1.36752
1.85014
2.45534
2.20979
2.02085
1.2916
0.750951
2.98705
1.32664
0.101383
0.552948
0.341228
1.4055
0.840011
2.47576
1.31968
1.83697
2.85389
1.85438
0.231595
1.54296
2.56792
0.208621
2.46435
2.8488
2.27126
1.69723
2.7527
2.34043
2.50913
0.918463
2.1529
2.62451
1.03042
2.13846
1.30604
1.99594
1.47021
0.612517
2.03591
1.23927
2.38916
2.25261
0.982379
2.83856
1.97095
1.00271
2.96904
2.70585
0.668379
0.52936
0.474658
1.98781
0.38342
2.23729
2.07124
2.09215
1.7539
0.513598
1.8472
2.91302
2.59411
1.61691
2.01998
0.274721
1.161
2.7908
1.1439
1.51368
0.92443
0.344741
0.952659
1.7368
1.78892
0.347317
0.896257
0.999416
1.40769
2.94176
2.013
2.65959
2.56611
2.73847
2.77045
0.742154
1.11045
0.688917
2.00479
1.25621
1.19338
1.01707
2.44854
1.64207
1.3148
2.97103
1.95348
1.6962
0.284853
1.97304
2.41369
1.26203
0.523983
2.36783
1.33831
2.4673
2.30069
2.1229
2.26715
1.45522
0.537647
2.50098
1.13281
0.270363
1.72111
0.387495
0.243831
1.01031
2.18188
0.256045
2.17212
1.40331
2.7521
2.01021
0.103129
2.19833
0.419683
1.43575
0.513826
0.943359
0.292556
2.38037
2.12874
2.00097
2.01075
0.170559
1.20413
2.13585
2.04417
2.73449
0.308052
1.59962
1.17521
1.531
0.716875
0.162604
2.36313
2.93408
1.85443
2.9889
2.61587
2.96141
2.2698
2.63099
0.608938
0.38904
0.63271
2.20216
1.02231
0.498354
2.23751
0.671002
0.91321
0.684022
1.40049
0.231729
2.85458
2.49514
0.470151
2.46696
0.664479
0.885399
1.89458
2.45752
1.2291
1.25933
1.81044
1.35133
1.40132
2.25499
0.389446
1.10325
1.36844
1.23189
1.42483
0.168699
0.113303
1.05983
1.07128
1.1294
1.21414
0.547471
2.75569
1.07256
0.0925758
2.22014
2.17146
1.21222
0.790515
1.18168
2.57936
1.97103
2.5081
1.84738
2.51411
2.66674
1.37948
1.52909
1.78388
0.702456
0.753105
2.5204
2.29094
2.11269
0.763423
2.37988
0.91715
2.36369
0.743473
0.0510913
1.91702
0.906043
0.872223
0.323521
0.398193
0.836176
0.429026
2.97201
0.303124
1.58843
1.75293
2.13085
1.2095
0.453214
1.83634
2.16498
2.3605
2.66678
2.32138
1.80147
2.60544
2.22361
1.04334
0.480204
2.14699
2.53553
1.70686
0.468237
0.163076
0.448971
0.627025
2.63059
1.03781
0.361769
2.54787
2.82576
0.806661
2.18765
1.77623
0.39171
2.19478
2.60546
1.88779
2.2203
0.833838
2.20796
1.71055
2.30312
2.72395
1.96905
1.38753
2.9294
2.94487
1.31104
1.50855
1.72831
2.83798
1.58096
0.312954
2.19983
0.111691
1.17805
0.131337
2.8117
0.45101
0.358686
1.8169
1.65851
1.91882
0.156995
2.52624
0.554375
0.691913
1.21374
2.09686
1.5982
0.908589
0.076951
2.70457
1.21789
0.0524147
1.59984
1.53723
2.99756
2.30181
0.210479
1.192
1.33803
2.28781
1.87102
2.19289
1.13394
0.485248
1.5135
0.241884
0.29216
1.63971
2.61699
1.64249
2.77573
0.866569
0.0508602
1.78822
2.37633
0.77227
0.116525
2.62181
0.291223
2.41742
1.33592
0.0280197
2.17374
1.66019
2.96251
2.78822
2.64077
1.70826
2.19385
2.44637
2.13061
0.12122
2.36042
2.1877
1.76337
2.12947
2.5755
1.5011
0.502224
2.44435
1.29395
2.16936
1.95487
0.249503
0.898119
2.67417
0.12141
1.97608
2.15651
1.4057
1.12112
0.98318
1.3915
0.959725
1.84763
2.86286
0.603384
2.98689
1.92727
2.5424
2.34497
2.56549
0.77816
2.37768
1.77341
2.84707
2.52261
0.228713
2.7929
0.086963
0.0995607
0.436972
0.811382
1.94888
1.63525
2.66499
0.980351
0.829951
2.06727
2.55251
0.348808
2.52094
2.2038
1.71852
2.37281
2.20482
0.935616
2.32722
1.72026
1.21941
1.07203
2.21599
1.87886
0.295739
2.9079
0.732486
1.85204
1.14302
2.17525
2.3146
1.71727
0.923106
2.90736
0.726684
2.58456
2.77826
0.380817
1.00951
1.33529
2.4125
0.875071
2.9917
1.17749
0.315863
1.09907
2.20263
2.03793
1.97623
0.571431
2.98636
1.95092
1.06727
1.04425
2.2786
2.71249
2.40085
1.10237
2.7313
0.0423525
0.567954
0.737481
0.273369
2.17968
1.69145
2.90492
1.1131
0.63432
0.342828
1.0244
2.30733
2.37581
0.718594
2.61507
1.41291
2.45813
2.49872
1.56428
1.03188
0.434158
1.68219
2.7385
2.10401
0.430576
0.463205
1.72257
0.704056
2.91681
1.34135
1.33649
2.13628
1.85997
0.816091
0.204899
1.59642
2.5906
1.46135
0.713668
2.03131
1.42801
1.67211
1.57056
1.09105
1.17174
0.531658
0.179854
1.4145
1.86051
1.92963
2.79943
2.86533
2.47476
0.906197
0.0871469
0.867764
0.911419
2.20335
0.611541
2.63464
0.927297
0.652717
0.137939
0.435189
0.175888
1.29781
1.00571
1.49253
1.07239
1.33934
2.74225
2.71945
0.03646
2.4773
1.47842
1.75092
2.62677
1.41645
1.5704
0.79386
1.53775
2.26111
1.27935
2.21254
1.20695
2.68454
2.78826
1.1059
2.67683
0.188231
1.68026
2.90039
2.51131
1.18271
0.292312
0.0494694
2.2191
0.188934
2.99699
0.909216
0.828756
2.69251
2.08624
0.852829
1.04552
0.492051
2.56689
1.96877
1.40513
0.416834
2.94926
2.36063
2.62833
1.76819
2.70371
2.93869
0.779239
2.1245
0.885671
1.41689
0.956795
1.27859
2.79914
0.139842
1.9344
1.9837
1.48747
0.812491
2.10165
1.83377
1.04178
2.102
0.915725
2.62328
0.220904
1.22301
1.6632
2.2805
1.91582
1.18574
2.98729
1.34715
1.87494
1.0024
1.36074
2.08046
1.37838
0.798017
0.785364
2.29889
2.57448
1.71261
0.971511
1.69614
1.03184
0.481839
0.915558
0.0709819
0.227692
2.114
2.30993
2.56049
1.9694
2.57604
0.407868
2.73484
0.243815
1.12425
0.773043
2.3664
2.03832
1.09878
1.70763
0.874918
0.292811
0.961918
2.11703
2.0884
0.454124
2.5129
2.57799
1.02612
0.415808
1.50159
1.54236
2.23992
2.32313
1.21003
2.10053
1.29323
2.56687
0.908565
1.53396
1.00794
1.14025
1.70112
1.82682
1.90481
1.88505
1.85763
2.36987
2.16907
0.0539292
2.46836
2.08026
1.93096
2.45063
1.42649
1.82278
1.04284
0.414613
2.46749
2.75353
2.04744
2.59069
1.34208
1.5555
2.12277
0.165902
2.37019
2.41321
1.13072
1.84587
0.647603
1.32632
2.96031
1.74538
2.80465
1.41065
0.60886
1.66659
2.20351
0.0449293
2.34222
0.508198
0.167355
1.97513
2.72166
2.9095
0.17546
1.61528
0.548201
1.78785
2.21607
0.21938
0.0770456
1.44306
1.0948
2.29224
0.209857
1.75107
1.40608
1.97662
2.51154
0.189662
2.96377
1.4982
1.87939
0.176074
2.57777
2.02072
1.49016
1.67154
1.48169
2.49708
2.74977
0.959773
1.60505
1.79793
1.6409
1.61371
2.97961
1.23831
0.124154
0.925648
2.32834
2.68185
1.655
1.75023
0.780044
2.80471
2.76849
1.38802
2.3882
1.31158
2.25454
1.2568
0.831837
1.97396
1.78745
0.665992
1.09616
2.66536
1.90084
0.490255
1.79298
2.42539
0.949846
0.68149
1.0363
2.09869
0.693323
0.343153
1.31113
2.84508
0.541072
1.43699
2.53966
0.322388
0.756619
0.752074
1.12058
1.99947
0.581841
1.74836
2.17888
0.973188
2.06364
2.07716
1.18599
2.5013
2.33866
1.49337
0.186721
0.0695571
0.640618
0.934252
2.90418
2.89006
1.28935
1.65694
2.24258
2.31656
0.0676067
2.8948
2.40497
1.43188
0.470637
2.22225
1.30743
0.299068
2.96322
2.03363
0.122559
0.321721
2.38716
1.89061
0.789593
1.8845
1.48155
1.74793
2.36311
1.29177
0.0958133
2.5773
2.17619
1.35038
2.79682
0.511733
1.75153
1.22029
1.70861
1.52305
0.673636
0.609898
0.817616
0.294849
2.51153
0.237421
1.14082
0.950273
0.080442
0.0350212
1.01055
1.228
1.8909
1.13908
1.28313
1.7673
2.69479
0.511941
2.09009
0.140689
2.30502
0.180075
1.66669
2.33805
2.60972
0.898885
1.89397
2.00836
1.50403
0.825171
1.53242
2.86605
0.128892
2.05088
2.34891
0.710038
0.0313955
2.37904
0.670095
2.15149
1.17411
0.907036
0.493468
2.7486
2.26904
0.512528
2.28461
1.89846
2.49722
0.559139
1.32515
2.60244
0.958121
1.31382
0.651925
2.22068
2.32648
0.508519
0.723952
2.15416
1.10456
2.82005
1.30526
2.72206
1.14436
0.965365
2.07527
0.00482103
0.0600694
0.14297
0.916764
2.35165
1.67133
0.470449
2.53769
0.389012
1.83089
1.45445
0.945622
0.00565541
0.436636
2.3885
2.04349
2.6916
2.33037
1.74562
0.789833
0.0111086
1.52306
2.07321
0.455635
2.21283
1.34338
2.50318
0.238589
1.34673
1.6788
0.79195
2.70782
0.613815
0.955516
0.0535055
1.98686
2.83292
2.19176
1.39746
2.42239
0.719771
0.514203
1.28688
1.74316
2.071
2.7601
2.24653
2.75083
0.89945
0.304931
2.26627
2.10456
0.372297
1.8878
1.19429
1.66635
1.73762
1.67655
0.0245272
1.244
2.82897
0.646044
2.86158
0.0247852
1.74017
2.77386
2.15909
0.385179
0.751378
2.37969
2.68642
1.71107
2.55192
1.66068
1.52142
0.760278
1.1438
2.39287
2.79787
1.03506
1.51033
1.527
1.56085
2.62486
1.55433
1.34296
0.199808
1.62826
1.6462
2.61481
1.26484
2.50816
2.03774
0.641763
2.29319
0.958863
0.814777
0.955193
1.13281
0.121151
1.49663
0.190174
2.85746
2.55108
0.814587
0.715285
2.44184
1.21598
0.542481
1.72459
0.199849
2.11035
0.555764
0.549035
2.93731
2.82154
1.03143
0.350205
2.7953
2.46176
0.226448
2.3129
1.41887
1.15119
1.93651
1.78574
2.765
0.58213
0.346516
1.15885
1.70638
1.05912
2.57478
0.0918053
1.31272
2.45847
2.40795
2.03887
2.12596
2.13822
2.78959
1.50288
2.32812
1.57488
0.291772
1.80458
2.13142
2.03304
0.632986
2.7698
0.0550359
1.85103
1.52144
1.97784
1.41185
2.8326
2.9597
0.501417
0.362294
2.47983
0.35169
0.863754
2.35197
0.037804
1.21431
1.76452
1.4025
0.444195
2.33557
1.38091
2.62965
1.38193
2.00399
2.67384
0.673878
0.702238
0.235541
0.734188
1.39037
1.74039
0.562311
0.531584
2.55179
0.744996
2.10446
0.46392
1.65868
0.784653
1.49602
1.63349
0.173796
1.22893
2.53864
0.789103
0.28128
2.87497
2.12241
1.69726
1.57945
2.01798
2.38866
0.0322447
1.55511
2.30234
0.548051
2.92572
2.40122
0.661062
1.33987
2.06077
1.46575
1.56525
0.781543
2.11093
1.61123
1.80756
0.467476
1.60236
0.0677392
0.522717
0.201637
2.67782
1.89122
0.740712
2.41109
0.591872
0.599701
2.99508
0.749117
2.46266
2.26633
1.69523
2.58159
2.48009
2.22648
1.99741
1.26765
0.771343
0.329266
1.36188
0.362697
0.376927
1.68869
1.16657
0.00481367
1.90204
0.586241
0.136251
2.28675
2.64755
2.89637
1.89988
2.5643
0.656457
2.76631
1.09047
0.309304
0.486076
1.16312
1.44239
2.77289
0.383345
1.09559
0.00300713
0.185604
0.107384
2.31613
1.77282
0.641255
1.62532
1.6777
0.0731388
1.2948
2.06289
0.57222
2.67602
2.17948
2.58217
0.196143
2.46672
2.95504
2.04166
2.86448
1.87044
0.656486
1.61706
2.93679
1.52029
1.67381
0.505013
2.9828
0.512959
2.30578
0.488753
2.63638
1.49735
0.298638
1.89264
1.54512
1.57791
0.279247
2.21449
2.06469
1.13942
1.63361
0.394068
0.016714
0.886019
2.51626
1.54793
1.02234
2.15676
1.9579
2.10703
2.1668
2.08674
0.0402608
2.48389
2.83858
1.06658
0.485337
2.59456
0.753532
1.17763
1.36827
0.280909
2.90072
1.53452
1.93562
0.130123
0.936101
0.59037
0.63335
1.56001
1.03747
1.29234
1.33132
0.810405
2.85108
1.67554
0.622531
1.52732
2.20308
0.345
0.105187
0.628637
1.29658
2.22023
2.08606
0.593777
2.61392
2.58146
1.66187
2.41417
1.43053
1.07351
1.76019
0.630767
0.888314
0.213193
0.674257
0.969659
1.99259
1.86925
0.794233
1.26578
2.76042
1.27033
1.68796
0.943048
1.70457
1.73241
1.30316
2.32997
0.909812
2.4208
0.784663
2.40272
1.20738
0.655605
2.52784
1.0882
0.204572
1.04245
1.63929
0.0115233
1.85097
0.0131902
2.1272
1.2374
0.434423
2.9574
2.1113
2.7593
0.0991341
2.96134
2.75348
0.378972
2.54558
0.161968
1.29002
0.688631
1.29629
2.79476
0.18994
0.950296
0.207463
2.02639
0.659554
2.76242
1.29428
0.0049694
0.396309
0.753421
0.204711
1.69617
1.60572
0.747205
1.57372
1.66726
1.36929
1.28436
2.25743
2.29752
1.42565
2.93999
2.93786
0.588038
0.609208
2.20371
0.939737
1.00447
0.255931
1.47656
2.74809
2.84532
1.88404
1.98207
2.91224
1.11942
0.530331
0.243905
0.196602
0.572809
2.1134
0.568701
0.299887
2.23387
0.927206
1.95468
0.874524
2.07745
1.83456
0.65487
1.82415
2.71745
2.89899
0.896001
1.46769
2.33236
1.02527
2.46521
0.157331
1.28229
0.0583203
0.24847
1.10163
1.24496
2.6783
0.672783
0.206648
1.93563
1.02086
1.92908
0.201867
1.64818
0.36439
0.193193
1.99759
0.177362
1.29876
1.61076
1.52396
1.78244
1.72425
1.2304
0.781331
2.73295
2.03204
0.380784
0.397114
1.97232
0.84189
1.18863
2.92496
2.57784
0.758888
2.86112
0.961815
1.92694
0.75929
1.53544
1.91692
2.05568
2.80712
0.433963
1.14685
0.889161
2.85338
0.75832
2.39748
0.426025
0.189011
0.149395
0.310959
0.0573834
2.5233
0.0584515
1.50798
1.0109
2.1022
2.31829
2.19598
2.98131
2.8181
0.727374
1.81642
0.135019
1.61224
0.189292
0.376011
2.81132
1.95038
0.768562
1.79196
1.17386
0.348688
0.20097
0.690628
0.226387
2.7135
1.00995
1.01723
1.1234
2.27606
1.0086
2.97205
0.753176
2.68459
0.447226
2.286
0.137257
2.46521
0.521832
2.2946
1.57269
0.551434
1.34292
1.65663
1.39809
1.29288
0.107932
0.588155
2.52909
0.165559
1.51122
2.42456
0.143956
1.35335
2.98375
1.05443
2.14013
0.999149
1.49758
0.20478
0.974332
2.23752
2.35132
0.688382
2.825
0.883359
1.91715
0.995628
1.69549
1.80261
2.86066
2.60184
0.322079
2.37358
0.555867
2.31411
0.997972
1.02112
0.654606
1.76388
0.716394
0.762652
1.59765
0.306459
1.72785
1.2581
2.61953
0.0888887
2.26414
0.695467
2.58284
0.796201
2.14352
0.192993
1.29361
2.68322
0.131169
1.88978
0.928798
1.07967
0.59411
2.2924
2.31264
0.415
0.121904
0.480115
1.35073
1.26799
0.747456
0.427335
2.94561
0.0629567
0.133018
2.02115
0.35209
1.91425
1.7224
2.15874
0.0887197
0.335236
0.765351
2.36117
0.658344
0.849723
2.57082
2.27512
2.78115
0.260803
2.70612
1.61078
1.51159
0.430625
0.194594
1.305
1.69725
0.525758
1.2942
1.35902
2.68899
0.736063
0.400505
2.03193
0.39001
2.44648
1.73789
1.199
2.82981
0.59046
2.1363
2.02307
1.63414
0.556874
1.89221
1.41764
1.06118
0.0302732
0.296924
1.69
2.19038
1.4327
0.888566
2.94809
2.2783
2.49804
1.85903
0.328773
2.65503
2.88229
2.1573
2.4245
0.606797
1.70228
2.71984
1.57693
1.93452
0.408564
2.41355
1.38646
0.371248
2.78941
2.29097
0.696675
2.02467
1.24282
0.964884
0.317855
2.53736
2.60185
2.76797
0.695305
2.57824
2.82798
1.97153
0.0423935
2.20943
1.64726
1.50044
0.879592
1.04875
0.0797783
0.0788706
0.418358
1.87397
1.11442
0.757603
2.60547
1.01843
2.12648
0.706327
0.000301851
0.857716
0.602221
1.77599
2.84215
1.50994
1.35423
1.09689
1.70131
2.37517
2.10535
2.87189
0.204161
0.653492
0.969589
0.312856
0.890138
1.39294
1.51512
0.448655
1.9193
1.21669
1.33854
0.375578
1.70116
1.38369
2.1372
2.97219
0.788031
0.894842
1.19343
2.89582
0.161956
2.82226
0.610488
0.117598
0.326855
1.08689
1.78844
1.71098
2.05975
0.113605
1.72588
2.27392
2.25511
0.702832
2.10272
1.45806
1.33255
2.02902
2.14055
0.364209
1.04733
1.90178
1.89076
0.316737
1.54189
1.53851
1.80848
1.27958
2.79687
2.18655
0.556267
1.99944
1.1174
0.964607
1.81812
1.22879
2.12948
0.56594
2.631
1.0183
1.55482
2.16549
1.88697
0.2243
2.35231
1.1222
2.31726
1.94206
0.249998
1.28397
2.36871
2.51031
0.243582
2.2753
0.892504
2.4484
2.61296
1.46673
1.08566
2.90277
1.70425
0.401971
1.64428
0.862355
1.45765
1.49737
0.781912
1.07613
0.380678
1.34805
1.14024
1.95954
1.22202
2.68288
0.173824
1.71345
1.40959
1.04829
1.38688
0.810363
1.291
0.566754
2.99293
0.840762
0.804936
0.761895
2.50703
1.70278
2.57245
1.47329
1.9591
2.72827
1.07214
0.886222
0.567051
0.00436127
1.89804
0.516437
2.09874
2.59352
0.795301
2.62768
0.22793
0.0989423
2.43656
1.60361
1.28576
1.27566
1.26347
0.934156
1.38927
1.2571
2.18473
1.81269
1.19717
0.830028
1.52198
0.53628
1.11724
1.66503
1.92245
0.886427
2.57546
2.49561
2.2524
2.62708
1.7733
2.90006
1.22583
0.46603
0.886449
1.24142
0.0134422
0.403837
0.134819
0.371559
0.498547
1.97208
0.358242
0.236139
0.315084
1.53562
2.60541
1.53904
0.259876
1.63179
2.07162
0.317103
0.859641
0.967944
2.90185
2.82446
0.760851
1.96032
1.51671
0.893718
2.81851
1.40396
2.32943
0.868154
0.751706
1.11327
2.61587
1.03799
2.20028
0.682027
1.0234
1.53094
0.79118
0.568823
0.503873
2.4055
0.645704
1.54552
1.26614
0.680243
1.58031
0.146212
0.315139
2.13238
1.90102
1.28663
1.32685
1.87494
2.04162
1.75337
2.08669
1.45554
0.494927
0.884263
1.21791
2.59415
2.52963
0.897031
0.672268
2.60852
0.821115
2.59656
0.372849
2.84531
0.803527
0.372786
2.74297
2.79453
2.17561
2.00994
1.31537
1.44497
0.794236
0.77955
1.45094
1.14439
1.43665
1.4582
2.8551
2.93442
0.972335
2.59036
2.8291
1.24338
0.141529
0.924641
0.593629
0.250325
2.73333
1.39201
2.62732
2.42124
0.678999
2.97652
2.80111
2.53887
0.186378
0.268661
0.656136
0.80011
1.39715
1.54415
1.84575
1.16658
0.54144
2.36313
1.26135
1.57521
0.638257
2.10472
1.60451
0.139558
0.218472
0.668946
2.32901
1.9192
2.29785
0.484419
0.871358
1.37376
1.5324
1.67778
2.04911
2.75511
2.44865
1.04144
1.12552
0.715505
0.80481
0.675235
1.01201
2.75862
2.26803
1.65386
0.647062
0.455215
0.464904
2.32365
0.499473
1.69761
1.70584
0.66312
1.49317
1.32674
1.46754
1.94831
2.82787
2.97983
2.63562
2.42263
1.46561
1.43463
0.24924
2.79735
1.38862
2.88856
0.311014
1.68063
0.505586
1.10851
2.52887
0.549558
2.04304
0.10536
1.26007
0.303732
1.62331
2.52366
2.54843
0.593342
2.58962
1.19382
0.229557
0.458371
1.5564
2.65758
2.24234
1.45759
0.505915
2.42142
0.87883
1.52552
0.870075
0.99898
1.92861
1.25504
0.798294
2.81399
0.433892
0.159181
2.66681
0.683615
2.16783
2.49159
0.978106
1.46411
0.446232
1.79426
2.89639
0.0718053
1.80503
2.44729
1.92691
0.148095
2.55321
2.81793
1.79345
2.07703
1.77099
2.95862
2.93522
1.6262
2.90527
1.00313
0.569638
0.637223
0.52953
2.12979
0.747353
1.34397
2.19769
0.759189
2.50522
0.340829
0.573992
1.80179
0.252782
1.37152
0.465728
0.0605888
1.94071
1.80698
1.01171
1.08045
2.84942
2.47025
2.21262
0.0636002
2.08573
0.908043
1.70525
0.351253
0.225148
1.395
0.377315
0.572451
1.15056
1.73597
2.66452
1.81067
0.78846
1.27129
2.26696
0.679984
2.08913
1.49065
2.47032
1.10683
1.43527
2.5133
1.84335
1.99707
2.25392
2.12702
1.82675
0.0580019
0.573748
2.10893
0.113985
2.61392
0.0682039
0.284669
1.65238
1.09393
1.87697
2.67331
1.82353
1.70575
1.10511
1.8002
0.487696
0.587459
2.47018
2.23076
0.931508
1.30029
1.62679
2.35387
0.22091
0.6438
1.44578
0.707372
0.574383
2.59381
1.33115
1.31725
0.110313
2.77684
2.64571
0.395423
2.06761
0.381216
2.89869
2.81785
0.0808399
2.857
1.75675
0.74451
0.268449
0.726712
1.94027
2.48116
1.7632
1.04198
0.636058
2.94193
2.43068
2.70952
1.14063
1.49253
2.1716
2.2708
1.69081
1.58659
0.235114
2.47977
0.0846267
0.551135
0.919322
2.82927
0.579601
2.34011
0.355071
1.91232
2.22167
2.73944
2.05182
2.84894
2.16641
1.99535
2.85633
1.90966
0.901503
2.23075
2.0739
2.49829
1.5328
2.70256
1.31904
1.40948
0.782775
2.63587
2.80314
0.23268
2.3615
1.50456
1.28067
1.69255
2.59761
0.579233
0.722405
2.87656
2.65859
2.99591
2.70134
1.70873
0.0895293
0.124422
0.282523
0.897015
1.91816
2.9683
1.2799
2.82232
1.80321
1.03008
2.42393
2.47698
2.48989
2.84265
1.79858
1.5591
2.18512
0.156708
0.22959
2.6039
0.826693
0.16825
1.61358
1.60406
2.69099
1.35177
2.51866
1.52456
1.97513
0.503515
2.19244
2.82165
0.2962
0.860732
0.0369317
2.51185
1.01754
1.65732
2.23416
0.151804
2.90766
0.168976
0.90283
0.369519
1.98243
2.71074
1.84986
0.532005
1.82358
0.316209
2.39049
1.00637
0.672924
0.761477
0.182711
1.71006
2.94211
2.84847
2.72471
2.67429
1.61517
0.137876
0.984421
1.15753
0.184283
0.433291
0.750677
1.03377
0.999034
2.77714
0.445758
2.60675
2.83308
1.52265
1.65828
2.0271
0.4709
1.37535
0.931218
0.825397
1.8729
0.311439
0.390412
2.6958
1.51662
0.47509
0.844559
2.23145
1.86974
2.1861
1.23525
2.3277
0.571221
2.51874
1.43002
2.6241
1.62489
2.60997
2.17452
0.226837
2.17346
2.55366
0.651989
2.72795
2.424
2.9429
0.0679249
1.02781
1.39627
2.72793
0.859893
0.560611
2.64706
1.92501
2.07224
0.0105516
1.06259
0.999757
1.09991
1.76102
2.85059
0.800198
1.32265
2.91819
2.14075
1.1532
0.739546
2.5595
0.0144217
2.91296
1.21414
0.92231
1.72406
2.57285
2.21365
0.593455
0.442979
1.13347
2.32951
0.294628
0.923149
1.9283
0.874526
2.40663
0.356631
1.29629
1.09443
2.91268
2.29078
1.68011
2.34762
0.108268
0.610714
0.671014
1.06592
1.34042
0.255468
2.54912
1.12046
2.67593
1.99134
2.43983
0.89285
1.50603
0.296675
2.77621
1.46277
0.981345
1.32403
0.453053
0.508704
1.14625
1.43427
1.2563
2.23214
1.08122
0.721198
2.5131
2.14506
0.260438
1.93
2.31671
0.260258
0.100454
1.32464
1.07274
2.37724
2.26212
0.65872
1.68894
2.48069
1.70243
2.28825
2.18887
0.184028
0.0480422
1.35785
0.911064
0.689564
1.40627
1.57227
1.01392
0.348055
0.500882
1.95637
0.449706
2.29353
0.139849
1.38138
0.198658
1.50877
2.8633
0.425918
2.54387
0.368977
1.50153
2.72849
2.33412
0.394175
2.29827e-05
0.506417
1.83868
0.875462
0.639935
2.54598
2.41779
2.37445
1.87226
0.0852285
2.4589
1.01977
0.1964
2.6524
2.35372
2.78252
2.66117
0.0144116
1.10479
2.84677
0.77767
2.69701
1.99158
0.0948345
0.344673
1.94045
1.32253
2.03365
1.06842
1.45651
0.24825
2.81765
1.66799
1.3435
2.04955
1.321
2.08356
1.86258
2.11486
2.24524
1.89117
0.0375002
0.899902
2.33262
0.620833
2.35346
0.492355
1.85372
2.06212
1.32871
1.58852
1.11628
2.60112
2.68345
0.550072
2.76686
0.0191384
2.23528
0.98838
0.0555144
1.94196
2.52434
0.693418
0.388829
0.339757
0.281105
0.521709
0.826259
2.13599
0.65417
2.03192
1.05643
1.08596
2.40626
0.923942
1.29093
1.16949
0.0824083
0.666156
1.18986
2.96977
0.783695
0.0267806
1.62481
2.73235
0.694861
2.15262
2.1475
0.0793179
2.12742
0.195044
1.83205
1.65146
2.6921
0.0150401
2.51612
0.121887
1.74692
0.977319
1.66688
1.35235
2.4933
1.61212
1.37143
0.652472
0.592494
2.01727
2.71309
1.52458
1.19085
2.87078
2.68785
0.427315
1.66315
1.50627
0.898097
2.1879
2.05938
0.148273
0.723576
0.888505
0.631807
1.58725
2.45997
2.6299
1.83378
1.58308
1.03831
2.49754
1.51873
1.57962
2.744
2.87676
0.959538
2.41616
2.02984
1.49235
1.43902
0.485424
0.470444
1.21324
1.5899
2.29043
0.217345
0.941085
2.39815
1.1713
2.34091
2.66653
1.35212
2.87634
2.39103
0.250333
1.18301
2.65699
1.36039
0.827893
2.83093
1.91787
0.510449
1.9685
1.66805
2.56313
1.93407
0.190243
1.39741
0.408268
0.186028
1.97586
1.62489
0.707901
0.446605
0.40275
0.827901
2.68004
0.217755
2.89961
1.65377
1.16116
0.508021
0.533457
2.0858
1.23829
2.56709
1.24417
0.800748
2.62717
2.69078
2.07342
1.84014
2.17919
0.545979
0.842077
2.78136
1.64964
1.06704
0.394816
1.16998
2.83755
0.618597
1.40311
2.09668
0.380082
0.934698
2.22958
0.283274
0.567103
2.16312
2.22467
1.80021
2.03692
0.244645
2.72648
2.49243
1.16241
1.18634
0.265004
0.544006
1.10676
2.43006
2.22202
2.75611
1.7742
2.86005
2.20679
2.48138
2.35639
1.39887
2.1947
1.16304
0.694383
2.32263
0.0794566
2.65891
2.39535
1.64081
0.648253
0.734974
0.681785
0.334142
1.13299
2.54402
2.48316
2.61646
1.13647
2.12758
1.36049
2.98076
1.42477
1.99093
2.77761
0.77374
0.409824
1.22624
1.46417
0.939223
1.05042
2.67968
2.69075
0.490444
2.69814
2.85824
0.749777
0.201902
0.499424
0.126765
2.59605
1.79543
2.50155
0.210829
2.79623
2.31887
1.98402
0.837964
0.761086
2.52563
1.9255
0.206801
2.5895
0.367947
1.98631
2.10726
1.43063
1.87972
0.294074
0.434998
0.417305
0.300516
1.21237
1.6358
2.5739
0.0321726
0.870114
1.88753
0.983653
2.81854
1.56184
2.15664
2.12079
2.64806
0.812606
2.43094
0.644215
2.05689
1.78498
1.57503
2.51316
2.77078
1.4242
1.84515
1.82495
2.52496
1.15627
2.06503
1.14043
1.78943
2.95129
1.47833
2.3672
0.940799
0.683885
2.39823
1.12604
0.871783
1.42799
2.65666
1.20842
2.34167
2.51599
1.51766
2.67762
0.424338
0.865726
2.11649
1.94779
1.66385
1.50517
0.228815
2.81193
1.01817
1.67706
1.68972
2.99291
2.41577
2.62605
0.64624
2.68362
2.50204
1.862
2.92018
1.25213
0.0206408
1.75151
2.68441
1.73968
1.31867
1.07044
1.1013
0.833768
1.31759
2.38458
2.45743
1.35737
0.486915
1.79446
0.0261801
2.99501
0.16958
1.65137
0.381354
1.10229
0.454985
1.3369
1.36131
0.201183
1.51536
0.422759
0.998075
0.195021
2.41297
2.93303
1.11659
0.433545
2.11331
0.0450229
2.56911
0.394864
1.00969
0.961546
1.25877
0.715422
0.226883
1.24836
0.305695
2.90306
0.828866
1.10648
1.59301
1.01744
2.42795
1.65267
0.129172
0.516159
0.327253
2.69344
0.520867
0.437842
0.866417
0.736826
0.334835
2.64192
2.404
0.24293
0.439923
1.81502
2.92645
2.25419
2.97315
2.19034
0.717861
2.26003
1.35748
2.50633
0.833733
1.67504
0.558044
1.49937
0.307962
1.02616
0.268339
1.07763
2.51641
2.58796
0.118871
1.8046
1.65928
2.55835
0.89797
1.12214
0.95643
1.72307
2.20398
2.85153
0.472596
2.8351
0.722071
2.25605
0.96246
2.05298
0.831567
1.884
0.630102
0.428155
2.91275
0.826498
2.11803
1.69541
2.25017
0.978277
0.127464
0.587013
0.178554
2.82052
2.87863
1.4116
1.95617
0.108822
0.0604307
2.43614
2.83128
0.557066
0.158597
1.33003
1.69369
1.83634
1.72715
0.531125
1.53977
2.0746
1.59251
2.98958
0.397379
2.18661
1.99465
1.23316
0.549753
0.0501427
2.11043
0.0255143
0.393427
1.37251
1.95072
0.0774443
1.55545
2.96054
0.291074
0.154096
2.19634
1.56477
0.671069
0.736782
2.54007
0.912369
1.2493
2.96389
0.841464
1.91313
2.43918
1.02318
0.915964
1.17227
1.15238
2.10493
2.63742
2.11857
2.54352
0.4844
2.43127
1.49026
0.97808
2.28755
0.924766
2.53105
1.29603
1.53242
0.592769
2.30194
0.0643459
0.512844
0.480426
1.44642
0.92138
2.06574
2.90906
2.52571
2.38998
0.217843
0.151366
0.370115
1.61253
2.24952
1.42583
1.02126
2.67399
1.17006
1.25969
1.79629
0.171479
0.567687
2.58617
1.24136
0.630945
1.91445
0.817123
0.978906
1.25324
0.585164
2.79905
1.78119
0.513501
0.993738
0.47601
2.7981
2.10097
0.527753
0.619992
0.527773
1.92122
1.84368
2.38456
0.462417
2.73798
0.0801739
2.76282
1.81292
1.34062
1.45766
1.27978
2.00019
0.0716333
0.49507
0.331511
0.305057
2.24228
2.3521
1.0095
1.19418
1.53876
1.35768
1.98289
0.730334
0.735459
1.21907
2.03094
2.09193
1.32673
1.54862
1.52431
1.57185
0.772197
1.33468
1.06066
2.79425
1.54986
0.235674
0.0151061
1.13798
2.60814
2.08246
2.00957
0.554123
0.157884
2.54693
2.54809
1.83188
2.30264
2.57973
2.37327
2.41882
0.23398
0.532431
0.511884
2.97028
1.14174
2.15765
1.88319
0.149753
1.83293
2.61096
0.680344
1.0434
2.84014
0.0820647
2.68325
0.755741
2.88272
2.99364
1.93924
0.331999
1.06136
2.21482
1.06898
1.33988
0.645773
1.45931
2.80298
2.49944
2.39332
2.1175
0.0978883
1.13818
0.376785
0.67637
2.74274
0.773261
1.90591
2.07971
2.2365
0.174422
1.27343
1.74408
2.44981
0.369705
0.0840311
1.96935
1.89588
0.754746
2.99866
0.243374
1.80493
2.27755
1.10445
2.17877
1.30417
1.79775
2.42238
0.790149
0.298717
1.93917
0.454538
0.26197
0.155077
2.55774
0.425499
0.133173
0.649702
1.94047
2.92761
2.84316
0.641216
0.881644
1.75646
1.54958
2.29646
1.95828
1.73954
0.917691
2.17791
2.13883
1.86849
1.82074
0.946835
2.99258
1.79285
1.94455
1.6626
1.58439
2.67688
2.64333
0.324036
1.8826
0.372525
2.30675
2.48543
0.373902
1.18128
2.27237
0.738614
2.22749
1.60034
0.217293
2.25545
1.83268
1.37981
1.18401
0.28609
2.27672
0.601558
0.182776
0.99018
1.29548
0.639988
1.00284
2.30391
0.0832758
2.57994
2.26714
0.959486
0.712307
1.2067
0.227736
1.17586
2.34479
0.136009
2.68468
1.4854
2.61149
0.690587
1.17346
2.59298
0.395582
2.24186
2.99121
0.0430863
2.16391
2.95653
0.029553
2.6193
2.10561
1.27303
0.210052
2.85135
2.39793
1.84342
1.89707
1.05248
2.54875
2.81493
1.50425
1.68303
2.55656
1.60814
1.84957
0.126454
0.822349
1.06526
0.652133
2.60188
0.939511
1.22481
2.58621
0.43111
0.987634
1.38619
1.85403
2.49631
0.667518
0.0766456
1.91762
0.35237
0.630633
1.42863
1.84237
2.4204
0.129692
1.96217
1.1949
0.454832
1.05163
1.20754
1.10388
0.991163
1.04821
1.67816
0.152156
1.70472
1.6236
1.78943
0.78258
1.75906
1.75043
1.60686
0.767864
2.19416
1.20513
2.68398
0.861944
0.881235
0.550451
0.0616055
2.27863
2.00341
1.49025
1.09348
1.38772
0.354206
1.00367
0.0832964
1.58612
2.22032
2.85597
2.04935
0.286304
2.32394
0.665624
1.06782
1.56097
1.2595
2.67081
1.04814
1.3169
0.0186469
1.73312
2.72829
2.96418
2.0602
1.4509
1.93349
0.179477
2.23282
2.05565
2.59304
2.84931
1.79156
0.17718
2.06076
0.24002
1.44334
1.08502
1.54416
2.5118
2.77812
1.21091
0.437201
2.57962
2.63209
2.19334
0.444787
0.2611
0.201107
2.63174
2.91547
1.79932
2.84164
1.52981
2.00425
1.95801
2.30696
2.36978
1.46908
0.283774
2.92546
1.88254
0.169706
1.54497
0.469543
0.839575
2.48072
2.31222
2.21954
2.34058
2.16681
2.08076
2.6491
0.906798
0.499668
0.0646083
0.425185
2.90501
2.34397
0.419816
2.81233
0.912451
2.0627
2.94001
2.60236
2.29398
1.36636
1.91444
1.06263
0.153186
1.02044
2.43514
2.25238
0.253308
2.12009
0.862418
2.69251
0.608459
0.249875
2.84874
2.23078
2.85931
0.802368
2.2221
1.53585
1.15413
2.44361
1.19493
0.187301
2.65773
1.3704
1.4976
1.43225
2.96026
2.27062
1.15609
2.80003
1.29041
1.69489
0.105338
1.97323
0.436341
1.59142
1.76218
2.13092
1.79236
2.30104
1.27525
0.42442
2.85485
2.73593
0.74917
1.98789
2.53248
2.55048
2.44565
2.17352
0.435252
2.32404
2.97876
2.62405
2.62193
0.204234
1.51039
0.888388
1.31895
1.51619
1.27913
2.18814
2.91822
1.85456
0.0620136
1.38746
0.356982
0.286575
2.8363
0.672847
2.29808
2.32576
2.76213
0.281259
2.06024
2.98078
0.379511
0.676558
2.3552
2.51927
1.37481
0.815377
0.42485
1.60959
1.23839
2.45268
2.09339
0.913467
2.96438
2.2758
0.935175
2.62013
1.36932
1.44781
2.97965
0.709162
1.70934
2.14015
2.97911
0.459362
0.30732
1.13309
0.84938
2.42849
2.2581
2.46424
1.19073
2.99458
1.20734
2.01698
0.891024
1.28733
0.0137789
2.19733
0.605394
1.98844
1.37096
1.13499
2.33654
1.68024
1.54764
1.07204
2.01068
1.83141
0.547584
1.90154
0.430457
0.250861
0.678999
0.318006
2.29014
2.87369
1.16671
1.13183
0.597682
1.29318
1.9355
0.669569
2.93876
2.89302
2.75631
2.73409
0.246972
0.0341787
2.65284
0.148981
2.22144
2.8482
2.56075
2.63973
2.23357
0.71864
1.44412
1.95871
1.10183
0.42356
0.639014
1.23674
2.18628
1.08083
0.962543
1.81267
1.6693
1.56876
1.40213
0.100093
1.80254
0.0779573
2.02373
1.10559
2.67585
0.801702
1.17842
0.806422
2.18404
0.547845
2.00633
2.84038
1.2221
2.08134
2.42705
1.45142
2.77681
0.723236
1.14435
2.20201
1.12132
0.0877576
0.755177
1.63593
2.2764
0.4765
1.24341
2.40094
0.74336
1.37936
0.518343
0.230503
1.95561
2.60262
0.156741
2.40531
2.21777
1.82649
2.66498
0.941784
1.9636
2.06135
0.168561
2.84295
2.02761
1.79513
0.769437
2.36246
2.15831
2.59879
0.860763
0.79574
0.60477
2.64364
2.34405
0.589911
2.00078
1.08989
1.0887
2.72043
2.46331
2.3059
2.68853
0.695325
0.778535
1.30382
1.06091
0.672752
2.75518
0.859144
0.00648344
0.447852
2.61637
2.15412
2.75155
2.98688
2.57366
0.763911
1.37595
0.760909
0.681182
0.000515326
2.19982
1.5003
1.94126
0.962208
1.03141
0.450043
0.208838
2.54307
2.7986
1.56082
1.8262
0.0209685
1.85663
1.9274
2.81568
0.68206
2.97906
2.03743
1.43844
1.47913
2.84269
2.34909
2.33893
1.75763
2.28055
0.706884
2.92792
2.49761
2.62045
0.673214
0.230608
0.424571
2.50448
1.33978
0.610096
1.1473
0.461869
0.584662
2.52413
0.55352
1.76236
2.06737
1.07501
0.0203642
0.981266
1.16225
2.7601
1.26942
1.70453
0.899611
2.723
2.65218
1.90046
2.8391
2.34194
2.83453
2.78442
0.752789
0.853075
0.201415
1.27123
2.8417
0.226291
2.06125
0.681436
0.119109
0.251699
2.07116
1.01498
0.242665
2.79953
2.29871
1.04359
1.85714
0.402319
2.62956
1.1068
1.05439
1.37901
1.88584
1.83965
0.955822
0.106957
0.348341
0.19079
1.20096
0.619557
2.16764
1.9797
1.01834
1.35137
2.42616
2.16068
2.42612
2.7141
2.96612
0.472011
2.52032
0.703918
1.11445
1.07667
0.478762
1.67195
2.62146
1.54143
0.0900897
2.04511
0.0611598
2.81195
0.682936
2.09479
2.25296
0.21212
0.663578
1.25976
2.88162
0.0211314
0.85265
1.4936
1.87075
2.2642
1.13305
0.128332
0.408181
0.822946
0.130776
0.02494
2.47695
1.45148
2.67047
0.698878
0.345273
1.35877
1.19372
0.482932
2.93497
1.37831
1.61352
0.765868
0.160773
2.91054
1.73555
1.52561
0.153397
1.11628
2.51008
1.17702
1.09019
0.424846
0.669019
2.86317
1.35472
1.94302
2.44994
0.632657
1.12882
0.320797
1.19368
2.27519
0.121503
1.92628
1.19269
0.863819
1.57806
1.36372
0.780074
2.02411
1.50045
1.3337
2.26384
1.1691
2.78743
0.180811
0.183603
2.50055
0.643018
1.3686
2.2295
2.22979
2.89305
0.726131
1.10211
2.33148
2.05829
1.52059
0.126984
1.32668
2.71098
2.4724
0.484048
0.277052
1.7667
1.73562
1.71348
2.25924
2.29513
2.25373
2.87578
1.61743
2.04899
0.193751
2.04021
2.44492
0.868994
0.252677
1.21119
0.803435
0.336371
1.29221
0.0678633
2.03428
0.972441
1.68621
2.52912
1.0274
0.366989
0.58729
2.13479
0.804585
1.06478
2.23757
0.22282
2.58833
2.90463
2.62859
1.41517
0.218256
2.39109
2.46423
2.31644
2.23547
1.73184
1.31588
1.24556
0.768651
1.87588
0.936308
0.334306
2.31639
1.82262
0.648669
2.31737
0.67727
1.69298
0.244396
1.53949
0.780678
1.10054
0.173069
0.13946
2.54128
0.674236
0.00383606
1.98325
2.09335
1.4156
1.43501
2.61439
1.88201
2.1135
2.8656
0.125452
0.511587
1.00571
0.320941
1.57407
1.34705
1.9513
0.343758
2.42505
2.83376
2.02008
2.44724
1.48266
2.24141
1.82268
1.81146
1.83172
2.70893
2.84694
2.4552
0.418104
2.90772
1.06968
2.67445
0.369094
0.589896
0.82869
1.08101
0.0926952
0.442349
1.97941
2.53008
2.01463
0.214612
1.68086
1.86943
0.358529
0.163605
0.0631406
2.68027
1.94592
2.30586
0.491829
2.19061
2.3869
0.829206
2.66279
2.14065
2.5254
2.36573
1.54006
2.26978
1.38492
0.64316
2.02328
1.3305
0.436584
1.11267
2.58686
0.0696436
0.363787
2.59183
0.606571
2.62835
0.798738
2.44481
2.61615
1.49844
0.370126
2.16971
0.324378
1.75604
0.35981
2.97091
2.92699
1.15409
1.71394
1.29347
1.24136
2.93179
1.83484
0.0446124
0.642821
1.12154
2.14882
1.64103
0.210774
0.754798
0.526941
2.54735
0.515108
1.34087
1.22587
1.4673
2.56373
0.763847
2.4651
0.715339
2.23908
1.29238
0.19595
0.0201963
2.04601
0.754289
0.422512
1.17686
2.69831
1.31288
2.46555
0.753189
1.52145
0.199584
1.44622
2.56426
1.26621
1.12594
0.331467
2.99149
2.58962
0.53302
2.2552
2.89268
0.370492
1.85013
0.0797948
0.0123187
0.5754
2.79682
2.10321
0.630722
1.81188
0.322325
0.274117
0.877738
0.522903
1.92094
0.21983
1.24754
2.60159
2.80396
0.108608
1.40525
0.00638637
1.82829
2.38871
1.9225
2.03905
0.521221
1.23403
1.62943
0.839338
2.8228
1.09901
1.70149
0.4828
2.05274
2.54775
2.48657
1.26639
2.17132
2.89571
0.190869
1.18777
1.16512
2.30895
1.11078
0.57779
2.93897
2.92341
2.8688
0.830673
0.548566
0.339227
1.11471
0.541728
0.463021
2.28244
0.398345
1.97138
1.71726
0.0700412
1.31246
1.41274
2.47669
0.473363
1.53867
0.993852
2.20275
1.03666
2.48408
0.251224
2.67063
0.196192
1.42254
0.440276
1.6624
1.90905
1.59628
2.96013
1.17256
2.07143
0.607834
2.09947
2.43906
0.545236
0.0980971
2.36314
1.49588
0.751246
1.31502
2.04506
2.66897
1.16212
0.801239
0.76446
0.065931
2.05607
2.42617
2.55293
1.42657
1.32098
0.937986
2.40942
2.58983
2.14143
1.43627
2.9807
1.76625
0.14479
1.42194
0.0352328
1.98139
0.783114
1.81286
2.67101
1.84604
2.36854
0.00960594
2.92715
2.53162
2.83828
1.6453
1.5019
2.46664
1.87649
2.27001
1.916
0.471343
0.29359
2.68025
2.87544
2.25729
1.79155
1.54124
0.786515
0.954265
1.39024
2.38896
0.128413
1.70278
2.28137
2.68832
2.17213
0.63808
0.368264
2.30747
2.8847
1.09045
1.97417
0.320202
0.0120727
0.592087
1.64807
0.833428
0.76351
2.52818
0.355005
1.85308
0.163274
1.1346
0.549919
0.517406
2.78456
1.32563
1.23904
1.88316
2.03239
0.0422421
0.872955
1.93517
0.54986
0.914753
0.0873066
1.86572
1.54899
1.32118
1.13158
1.31059
0.439299
2.94548
1.4953
1.06703
1.49061
2.45299
0.320193
1.39191
1.15239
0.956323
0.217722
1.52909
2.55833
1.02281
1.62633
1.01621
1.85892
0.450555
0.704294
2.63504
1.14749
0.365178
2.37632
1.95733
1.49846
2.27789
0.676124
1.06418
2.2145
1.81124
2.1497
2.23951
2.354
1.6235
0.968726
2.41434
0.587059
0.665068
2.61501
1.76421
2.03162
2.10977
0.629959
2.46096
1.11163
2.76579
1.70897
2.10026
2.25667
0.0252516
0.379853
1.22272
2.39807
1.56692
2.96109
2.85732
1.94144
0.168031
2.19055
2.30518
2.61758
1.64062
2.20253
2.832
2.51622
1.54698
0.294767
2.90866
1.95124
1.642
1.35108
1.39187
0.442782
2.18034
2.34066
2.06713
1.28767
1.23646
2.13113
2.16895
2.59593
1.74887
2.62767
1.81667
0.447997
1.01215
2.50189
2.14618
1.89328
1.5374
1.50442
1.22371
2.20601
1.46053
2.94805
2.69811
1.30682
1.63969
1.3896
1.93985
1.34825
0.104911
0.461593
0.0279169
2.89684
2.51992
1.68933
2.65972
0.0880309
1.79177
0.18272
1.30713
0.150305
0.778401
1.12994
0.524041
0.344111
1.39001
2.32469
2.74696
0.00797131
0.141948
0.33232
0.828274
0.0153617
1.68893
2.11373
0.786563
0.788963
0.254299
0.226399
0.264656
2.26284
0.606443
0.181066
0.27015
1.18078
1.9055
2.31531
1.05147
2.99741
0.760187
1.25635
1.52099
2.23387
2.26048
2.77575
2.75109
2.94351
0.60971
2.71254
2.53325
1.20973
0.132012
2.22446
0.643955
2.14894
2.73462
0.62196
0.232214
2.14745
1.17977
1.32535
0.752336
1.05851
2.12076
0.357234
0.722257
0.254284
0.554239
2.15633
0.443897
0.786285
1.70496
1.13403
0.723428
2.59914
2.41983
0.697149
1.17507
1.47101
2.54125
2.15511
2.52408
0.977126
0.336537
1.28477
1.02633
1.8917
1.71868
1.54805
2.07
1.56851
0.482115
2.5511
0.862181
0.741448
1.83546
0.575899
1.44176
2.1147
2.59513
1.34445
0.851389
2.48376
2.05091
0.191932
2.70749
2.43062
0.880682
2.78696
1.88336
1.23046
1.23214
0.784755
0.542304
0.699071
0.983722
2.53075
0.820594
2.314
2.47822
2.06415
0.016667
0.107179
1.32417
1.71229
1.49388
0.313911
2.46071
1.24586
2.99547
1.94837
2.42798
2.83713
1.67605
0.424885
0.729869
1.61086
1.23869
2.49887
1.02617
2.23821
1.77903
0.773762
2.39643
1.58503
1.55308
1.51471
1.06933
1.92168
2.77532
1.95308
0.569054
1.06709
2.00867
1.493
1.45048
1.72877
2.20257
2.5567
2.85325
1.19739
2.61964
0.537588
2.45841
2.66902
2.58609
0.578435
0.904612
2.34885
2.8646
2.78981
1.64803
0.417991
1.60111
2.73816
2.37792
0.218517
2.95613
2.98679
2.68417
2.96545
1.41807
1.16032
0.685353
0.941023
0.556053
0.611954
1.78753
2.29388
2.45026
1.74417
0.58584
2.22985
2.60642
1.61093
2.3829
0.715721
0.15765
0.672735
0.0426088
1.27939
1.50947
0.830402
2.17285
2.64962
2.66307
1.07322
0.6776
2.52761
1.71942
2.93206
2.11797
1.11178
0.378521
1.41476
2.93042
2.64884
1.20882
0.56171
2.40763
1.46226
2.71901
0.566919
2.50248
1.21104
2.57987
0.956047
1.67699
2.56952
2.03524
1.84197
0.910822
1.04223
0.154162
0.813297
0.272285
0.477513
1.27869
0.633173
1.16472
1.19175
0.0981217
2.45047
2.98239
2.13286
2.23406
1.57588
1.93031
0.862504
2.20779
0.826564
1.23866
2.981
0.110297
1.32713
0.650055
2.19295
1.81093
0.512538
1.5602
0.0484887
1.25199
2.60763
2.8043
0.694381
0.896363
2.94018
0.00733228
1.40529
2.82505
1.03127
1.01387
0.0230856
2.52121
1.20881
1.71695
1.90881
2.51099
1.34157
0.491051
1.17581
2.3842
2.9256
2.81894
1.96573
2.58777
0.319548
0.59392
0.571022
1.49033
0.658939
0.642419
1.46768
0.820394
0.382627
2.95225
0.039584
1.1626
0.877934
2.03297
1.71983
2.72314
2.06375
0.759387
0.886982
2.41091
0.20562
2.73724
0.41528
0.631702
2.21513
0.589958
2.32144
2.63655
1.49297
1.99648
1.41659
1.49917
2.11277
1.56785
2.10142
2.77531
0.572602
0.895455
0.983453
1.35351
0.596382
1.19508
1.68106
0.792828
0.745738
1.69244
2.3814
2.63351
2.68605
0.879421
2.7912
2.35427
2.7881
2.82584
2.65497
1.81122
0.308376
1.12496
0.356283
1.85158
1.6622
1.31623
1.59161
2.80979
2.30571
1.93044
1.46042
1.00305
0.638623
1.96958
2.46377
2.93599
0.360247
0.778727
1.44713
1.94269
1.5867
2.27266
1.68174
0.568285
2.90804
0.210158
1.61662
2.79134
1.35625
1.96386
2.86777
1.63947
2.74805
2.36546
2.31338
0.835451
2.60974
1.16901
2.52881
1.36218
2.04628
2.41501
0.0775824
1.58462
1.28165
1.63663
1.09587
2.05438
2.7516
0.427967
1.99914
2.49258
0.202229
0.454077
1.988
2.36863
1.67515
1.46706
0.62677
2.40215
0.482534
0.128789
0.34256
0.91711
0.826548
2.00933
0.816651
2.12146
2.04976
1.24832
0.391819
2.82406
1.45699
2.56351
2.11283
0.0392132
1.20275
2.18856
2.70076
0.903952
1.40533
1.52025
2.28762
1.38301
0.0936871
1.14143
2.98282
1.69835
0.0630882
2.7338
1.13069
1.69353
2.86953
1.29981
2.51036
2.11115
1.58493
1.82944
0.748607
1.60119
0.459937
0.951787
2.34667
0.908557
1.33655
0.445918
1.53075
1.36862
2.75964
2.87568
1.76046
2.36221
0.719563
0.136564
2.72015
2.51702
2.93047
1.88895
0.242146
0.490508
0.354507
0.782097
1.74727
1.1997
1.50683
2.80686
2.06765
0.00814918
0.457853
1.71268
1.56783
2.802
0.850545
1.97128
2.63783
0.125035
1.27392
0.468799
0.463973
1.81591
2.27384
2.58872
2.26672
2.3658
1.1047
1.78988
0.956313
1.87095
0.332404
0.630308
2.29004
0.910571
1.0931
1.59592
1.95006
1.31243
2.43438
0.350974
0.920602
1.30973
0.2209
2.59475
0.875094
0.404585
0.212599
2.41491
0.886572
1.46532
1.17155
2.4835
0.44196
2.2263
0.474955
0.937933
2.07165
1.3688
0.957048
0.863807
0.678369
0.164084
2.48039
2.43798
1.09243
0.0974016
0.0162814
2.0825
0.271134
2.60569
2.3456
2.15894
2.33053
2.84514
0.540645
0.98153
2.52363
1.37701
1.34587
1.32794
0.232611
2.76615
2.61948
0.439517
1.06081
1.51666
2.06124
2.78993
1.5481
1.74783
1.68352
0.441587
2.54104
2.54902
0.851912
2.40611
1.7318
2.85862
0.88736
2.53004
2.15361
0.142717
2.81906
2.36507
2.03166
1.71649
1.39592
1.72986
2.78523
2.09168
1.30247
0.814568
0.624654
2.87909
1.42271
2.12829
1.62025
0.895039
2.23338
1.59277
2.30942
1.73282
1.19666
2.75439
1.64933
1.23781
1.32889
2.70367
2.6928
2.58589
0.853103
0.442686
2.38728
2.94284
1.03427
1.39755
1.45564
0.0800761
2.66499
0.859326
1.33173
1.3593
2.87613
2.28127
2.2235
1.91091
1.61754
0.245116
1.91242
1.02433
2.09775
2.57844
0.944444
0.817365
2.48818
0.627168
2.54395
2.40983
0.755432
0.386399
2.95732
0.399234
1.46303
1.85009
0.422286
1.40602
0.98273
0.828771
1.01691
2.5774
1.21537
1.32106
1.276
2.21957
2.5678
0.772697
1.40421
0.850498
1.1675
0.772958
0.233478
0.267364
1.19054
2.92072
1.29832
2.26671
1.86335
1.536
2.5546
2.63504
1.57815
1.28032
2.88271
2.11856
1.55693
0.997881
0.71815
0.518422
1.40443
2.17409
0.376553
0.39485
2.38146
2.68247
0.696317
2.78711
1.02484
2.62617
0.570597
0.294948
2.19369
2.7185
2.54097
1.23656
0.722609
2.70992
0.211299
2.5486
0.59164
2.1626
1.62793
1.51124
1.70246
1.66611
1.63822
0.883814
1.5035
2.88849
0.191838
2.96986
2.99145
2.97183
2.83857
1.70433
2.12504
0.320437
1.43338
0.531006
1.59276
0.17802
1.51684
2.7786
1.09546
1.72212
1.42187
1.49312
2.51391
1.86973
1.00279
0.592558
1.64106
2.95126
2.64063
1.99214
0.168115
2.60432
2.7638
1.11022
2.20689
0.0752286
1.32292
2.15792
1.61064
2.40368
2.74997
0.891666
0.626984
0.101905
1.14736
0.336449
1.75904
2.92552
2.95246
1.57676
1.09977
2.43391
1.3489
0.0798445
0.807182
2.77625
1.72477
2.81653
2.37792
0.233302
1.44293
1.55109
2.46629
2.69749
0.784754
1.11708
1.69976
2.26862
1.4382
1.32147
1.03766
1.41103
2.50281
0.322385
1.74049
1.51862
2.5314
2.13974
2.15768
2.94111
1.99729
2.61513
0.74918
0.903184
0.971106
2.79757
1.98287
2.37061
2.04256
2.34409
0.159306
1.31907
2.97751
0.54328
0.234081
0.39859
1.60884
2.64085
0.422712
0.313
1.48861
2.74986
1.40049
2.97329
1.17503
1.15845
0.0630449
2.34165
2.37328
0.283818
1.54608
2.12345
0.547435
0.468874
2.73453
2.65907
2.78788
0.450448
2.42314
1.10107
0.119437
0.471545
1.64896
0.668275
0.231924
0.679529
1.82393
1.94395
2.30672
1.52123
1.3424
2.75807
2.03481
2.07406
2.51088
2.1921
0.584258
2.29868
1.23531
1.33728
0.406291
2.74562
1.17182
0.303629
1.82585
0.43535
2.81155
0.139435
1.52056
1.57814
1.95521
1.73471
2.83964
2.77523
1.22855
2.13176
1.47236
2.26727
0.129071
1.54587
1.64309
2.06753
2.78512
2.54783
1.80797
2.03151
2.67617
1.68448
0.162557
0.50076
2.58896
0.624765
1.40327
1.21592
2.4264
2.30015
2.8367
1.4997
1.28494
1.06837
0.473659
2.86588
1.85415
1.74767
1.54772
2.11754
0.886449
1.64385
2.37506
1.73828
1.39712
2.82486
0.292393
1.77385
0.218297
0.977974
2.90867
2.2919
2.99892
2.73042
1.21687
0.201558
0.919471
0.546655
1.77478
0.248628
0.22424
1.07814
0.269491
2.56663
1.73928
1.8048
0.728441
1.33385
1.81555
1.78353
0.3247
2.25204
1.87493
0.667307
2.51121
0.666866
0.379795
0.345111
2.41574
1.17805
1.71039
2.50755
0.398983
0.213972
2.0565
0.0227762
9.16064e-05
2.65461
1.81627
1.3891
2.37542
0.661424
1.32375
1.91106
0.702484
1.30155
1.8486
2.43978
2.47723
2.56319
2.32125
2.66475
1.1178
1.29224
1.78318
1.98062
0.223654
2.4511
1.12555
2.23282
0.934809
2.81044
0.637705
1.24186
0.742936
2.34683
1.73906
0.146081
0.27305
0.155229
1.64235
1.12884
2.48578
0.576137
2.86811
2.6279
0.46321
1.97072
1.23969
2.52355
0.786744
1.35029
0.641678
1.51883
1.41124
1.70102
2.33441
2.65241
1.40643
1.9159
1.44073
2.57853
0.34761
0.886903
2.26941
1.23705
2.88013
1.82283
2.35249
2.66536
2.9956
1.19748
0.835223
2.65998
1.66262
0.696378
1.46461
0.522921
1.07422
0.666679
0.597808
0.572478
2.11174
2.65196
2.92946
2.38445
2.05444
1.74444
1.4597
2.06728
2.08785
0.0993845
0.358709
2.92735
0.384142
1.99883
0.330033
2.54048
2.64243
1.37543
0.00445714
2.64653
0.752758
2.16573
2.85368
2.46743
0.170915
2.46461
1.05752
2.65415
0.0762051
1.89011
2.27934
0.548421
1.48424
2.86932
2.70516
2.05497
2.44009
1.00466
2.3461
2.23333
1.30321
1.40273
2.12763
1.58
0.531777
0.149974
0.817088
2.96414
2.73867
1.34625
2.52822
2.6265
0.58771
1.07044
0.508308
1.80073
1.17498
2.98246
0.161117
2.56497
0.833622
1.14455
0.748804
0.168406
1.45464
0.538068
0.433138
0.122603
0.590402
2.52417
0.787268
2.16147
2.03407
1.31377
1.55431
1.68282
2.79579
2.74053
2.68815
1.22776
1.6116
2.40241
1.82094
2.11958
2.00569
2.74788
1.21608
1.44334
0.481747
1.18307
1.56007
1.5046
2.74356
1.64136
0.709021
0.276011
1.12671
0.571649
0.472213
0.930948
2.66922
2.33179
2.40624
1.19453
2.03215
1.18008
1.35037
2.85372
2.67117
0.165486
0.433906
1.63647
2.68259
2.60704
2.86713
1.2454
0.560569
1.02712
2.84427
2.0458
1.96247
2.88628
0.766182
0.771005
2.93886
0.68593
2.75927
0.528124
1.53596
1.50904
2.16725
2.11474
1.76663
2.78777
0.403863
2.14614
0.401562
0.73605
0.48946
1.62797
1.37415
0.455214
0.860347
0.00646642
2.14881
2.51652
2.85594
1.80849
2.14202
0.278486
2.95434
2.97669
2.47873
1.36381
0.863751
2.29658
1.83579
1.04691
0.418467
1.67655
0.459752
0.164299
2.54545
2.6093
1.65835
0.774915
1.99464
1.16552
1.14797
2.68715
0.91711
2.41288
0.354966
1.92453
2.41276
1.6949
2.66345
2.78609
1.58747
0.957931
0.4507
2.98923
1.57515
0.0930785
1.16523
0.990758
0.00812965
2.47416
1.3721
2.25457
1.60691
2.37261
0.626813
0.643838
0.118674
1.06663
1.54163
2.68653
1.78155
1.89747
1.98222
0.641484
2.07339
0.453889
0.530101
2.15754
2.85895
2.87799
1.1212
2.05306
1.02929
2.55793
1.8282
2.2593
2.48037
1.29698
2.47574
0.663858
1.48354
1.66661
1.10973
1.10615
1.4925
1.28254
2.92004
2.55309
2.1036
1.41125
0.190985
2.25402
1.31436
2.22427
1.52153
0.362623
2.83
0.532797
2.71237
2.74716
2.39069
2.15923
1.01356
2.88653
2.1651
2.2043
2.14482
0.772899
0.665995
0.21649
0.869477
2.15202
2.56242
0.492859
0.0266082
2.36717
1.30299
2.57757
0.822137
2.82003
1.11324
2.30924
1.95216
1.34065
2.78781
1.69256
1.59074
2.3037
2.6705
2.75939
0.138143
0.24399
0.599631
1.42614
2.6223
0.931761
0.606985
0.501162
2.48402
1.98316
2.73872
1.71013
0.556418
0.058706
2.77139
2.59171
0.177878
2.06488
1.27074
0.209154
0.1371
2.13972
1.78
1.40367
0.294131
0.332222
2.54123
2.74547
2.20634
2.56137
0.012559
1.24872
0.530175
0.0929723
2.12523
0.386221
0.833216
0.469047
2.516
0.0553608
0.239509
2.2692
1.12602
0.542327
2.78051
2.92434
0.21997
1.19048
1.43938
1.04863
2.55336
1.40999
0.083464
2.57253
1.81801
0.755335
0.0772989
2.86868
0.24268
2.3585
0.949392
2.82342
0.998049
2.6819
0.0696868
0.033048
0.868644
2.47444
2.47967
1.35994
1.13858
0.569226
2.0293
2.57052
2.14552
1.31462
1.40018
2.28868
1.17791
1.92005
2.58999
2.02108
2.0564
1.23391
2.83838
2.42164
0.80028
2.78877
1.42623
1.64382
1.81895
1.56182
0.302726
2.6909
1.56916
1.05769
2.27079
1.33666
0.281105
2.65875
2.36521
0.303007
1.43419
2.26684
0.0633836
0.788894
2.52755
2.25938
2.27939
0.967643
2.48045
2.82451
2.98573
2.8354
0.282201
0.296782
0.218321
1.37136
0.650301
1.56287
2.93543
0.0195358
2.75045
1.45935
1.70478
2.91921
1.42779
2.56715
1.47731
2.20748
2.51535
1.61298
0.568242
1.57776
0.932923
0.775343
0.335994
1.52161
0.557682
0.682793
1.76169
1.8764
0.355254
1.15605
0.698129
2.32206
1.54388
1.77559
1.31859
1.58989
2.27449
1.91069
2.01553
0.0625468
1.43974
2.13626
1.9505
1.81343
0.918325
2.50432
0.0949513
1.9932
0.937258
1.94754
1.23878
2.00074
2.7108
0.756895
1.34717
2.57118
2.94821
2.30259
1.47662
2.7308
1.62646
1.38349
1.15969
1.33581
2.56708
1.91339
0.0419822
2.71995
0.0586569
1.70702
1.65041
2.76045
2.131
1.67098
2.73632
1.13024
2.3209
0.88881
1.10918
0.518872
2.96731
1.98311
2.21447
0.0969097
2.9241
1.43408
2.98483
2.25218
1.43354
2.12382
0.838065
2.87943
1.38829
0.318083
0.321986
0.642385
1.99373
0.46617
1.60067
2.08823
2.71707
0.571582
0.464105
2.70891
0.892195
2.3786
2.6709
1.94674
0.152318
2.15057
0.854754
0.629453
1.58752
2.93056
1.74972
2.05676
0.725627
1.86791
2.02771
1.33961
1.28131
1.6537
0.291963
1.94219
0.0785904
0.0478759
0.510089
0.262185
2.46436
1.39523
1.55646
0.413017
1.55283
2.21306
1.19888
2.80352
1.5804
2.96485
0.895836
0.809683
1.92692
1.43834
2.96986
2.37757
0.889555
1.5166
1.99736
2.01143
1.04189
0.480904
1.89877
0.276768
0.0554594
1.7957
2.73516
0.179748
1.11476
1.97776
2.32704
1.8867
0.304203
0.869238
2.17171
2.20973
2.04678
1.02535
2.34824
1.6368
2.20348
0.432438
0.0333755
2.44017
0.514349
1.92857
2.80066
1.45119
2.10463
2.82746
1.74166
0.415531
0.0372454
0.196389
1.38114
0.603379
1.71467
0.815687
2.77447
0.621602
2.7721
0.24141
1.99901
0.744523
2.98902
0.774636
0.591616
2.92011
1.6796
2.74609
1.97704
2.35264
0.129398
1.2943
1.42258
2.66191
0.523731
2.51232
0.16798
1.96055
2.53884
1.78968
1.67174
2.98821
1.89236
0.782301
1.49203
1.19759
1.23415
0.124179
0.98955
1.36376
1.81972
2.69644
0.858296
1.54862
0.422057
0.611224
1.78332
2.84545
2.13518
0.237069
2.39585
2.79595
0.801766
0.754067
0.320656
0.284988
0.662104
0.537608
1.77239
0.156662
0.735107
2.36967
0.375071
0.310839
0.188538
2.90792
0.44416
1.37233
2.09225
1.60061
2.34832
2.47432
2.19743
1.88539
2.88495
0.403753
0.164736
2.97004
0.337716
0.55162
0.876202
2.31161
0.176255
2.68226
0.0664095
2.81538
0.250312
2.61336
0.01918
1.13056
1.93941
0.713332
2.04545
2.01368
1.81053
2.11519
0.166565
0.15799
0.810699
1.09007
1.79931
2.32405
2.56284
1.72705
0.345486
2.9419
1.45782
1.43894
1.31309
2.31785
1.36782
1.00749
1.04346
2.4262
0.49154
0.751894
1.2598
2.14864
0.477992
1.96042
2.12913
1.80572
1.39391
2.23045
2.37889
1.76291
1.93229
1.35806
2.246
2.73678
1.83078
1.89684
0.63523
2.7744
0.494
2.70954
2.25453
1.43469
1.8737
1.15048
1.81096
1.44647
2.9086
0.455891
1.97316
2.14967
0.901883
2.36262
0.964516
0.85294
2.63752
0.393733
1.31329
1.63887
1.16732
2.08539
2.56611
2.52981
0.731736
2.86216
2.91398
0.138808
0.913336
2.80772
1.68142
0.0489307
1.73654
0.309342
0.242241
2.03258
0.0022015
0.00140179
1.14326
0.145283
0.75618
1.10811
1.20121
0.573148
0.123833
0.502148
1.89744
1.06772
0.271663
0.238528
0.318513
0.70781
0.756065
2.48024
1.22341
2.06962
0.676624
1.3204
2.86081
0.447132
0.00843417
0.433265
2.71404
1.79223
2.36268
2.39654
2.81368
0.282148
1.65794
1.97692
2.08776
2.96843
1.92866
1.2047
1.30658
0.709798
2.57842
0.855859
0.488937
1.79888
2.52555
1.28176
2.5458
0.34435
1.25927
0.600855
0.489657
1.47406
2.67742
0.661112
0.137983
2.71498
1.8195
2.79664
2.89554
1.24052
2.78514
1.71781
2.05588
2.30243
0.671313
2.87731
0.2734
1.21912
0.0228363
0.0605215
2.0371
2.01919
2.69395
2.08524
2.8979
0.641446
1.23605
2.94534
1.45386
2.55882
0.354719
0.883147
2.2763
0.889973
0.420266
2.67109
1.58158
0.756181
2.61926
2.27583
1.32257
1.70362
0.580063
1.26154
1.90183
2.39109
0.215792
2.6034
2.62651
2.30605
1.16954
0.694024
2.41824
1.21693
0.724908
1.94771
0.416996
2.67704
2.36807
0.528775
1.61759
2.33316
0.944833
0.54809
0.587464
0.837594
0.785134
0.450841
0.151495
2.29719
1.51013
2.55327
1.9566
2.61818
0.829489
1.49923
0.146519
0.258944
2.7887
1.25832
1.79631
1.31582
0.808907
0.425863
1.34763
0.0692719
1.20865
1.55108
1.46065
1.2236
1.88924
0.822072
0.760153
1.51531
1.2476
1.61487
0.735801
1.23813
1.67459
2.78078
0.588039
2.0049
1.13712
1.54459
2.62135
2.1323
0.387217
0.480697
0.196594
0.8891
0.269593
1.19241
0.282961
1.37287
2.976
0.859459
0.0673496
2.73746
2.75006
0.624691
0.558421
2.14412
2.22114
1.34447
0.462049
0.110046
1.38923
0.533543
1.05958
2.61291
1.86238
0.824843
1.88803
2.90578
0.296516
1.94814
2.90303
1.63414
2.27709
1.6923
0.473217
0.133102
1.41004
0.516291
1.58346
1.27894
0.464769
1.62479
2.50927
2.53365
1.07511
2.86534
0.63557
1.85016
0.71844
0.153078
1.79052
1.18644
0.720022
0.0546187
0.00263717
1.03579
2.94541
2.58499
2.21853
0.455663
1.20628
2.89209
0.316748
2.21452
0.938706
1.16598
1.9131
1.85611
1.44522
2.67559
0.224148
1.38152
2.74908
0.135538
2.36376
2.92177
2.87154
1.05888
2.1225
2.56018
2.28235
1.02671
0.504088
2.05132
2.5233
1.8713
1.80521
0.131028
0.808077
2.74563
0.396677
1.44046
2.76198
0.550716
0.570165
1.13139
0.831591
0.762382
2.83511
1.1218
2.73084
1.26679
0.75155
2.54651
2.2034
2.98398
1.74082
2.58951
0.138924
2.96739
2.33286
0.0315874
1.03624
1.29426
1.6119
0.40992
2.92767
2.95801
2.13208
0.473636
0.445914
2.1875
2.73686
1.85594
0.0869276
1.0398
1.93879
1.5537
2.67976
0.498823
1.79322
2.03402
1.62788
1.47468
0.93339
1.17969
0.947486
2.90042
0.40682
2.05295
1.87551
0.616838
0.925085
0.961456
2.69874
0.623973
2.07681
1.43684
0.897636
1.45805
2.33375
1.64347
2.15435
2.96822
2.93895
2.36466
0.0847107
0.90045
2.21731
1.0716
1.67537
2.94558
2.55169
2.88509
2.87164
0.317084
2.35059
1.72597
2.12852
1.42545
0.129662
2.29075
0.387194
0.345669
1.09535
0.356757
0.799953
1.97988
1.6669
2.60272
0.227684
0.703924
0.443657
1.01391
0.903861
0.468899
2.0098
2.08629
0.625682
2.30851
0.576636
0.277956
1.44112
1.14194
2.18106
1.89197
0.306454
2.6562
2.92244
1.68572
0.431094
0.426356
0.740888
0.988397
0.763068
0.801624
1.28567
0.540432
0.60717
1.69279
1.50492
0.374852
2.45669
2.53857
2.73235
0.491807
0.413251
0.478682
0.655424
2.05444
1.10494
2.96585
1.7093
2.3273
1.26535
2.95098
0.56029
1.43183
0.565995
0.645398
0.714304
1.85942
0.852794
0.762636
0.531495
1.92749
1.36194
2.8023
2.8496
1.40123
2.72296
1.18765
2.90555
2.8895
1.69295
0.784849
0.667493
2.86421
2.6495
0.145646
0.281475
0.686487
0.449022
2.06178
2.47429
2.43581
1.36313
2.96384
1.92412
0.947982
0.593612
2.89031
1.75633
0.964432
1.53763
2.98527
1.00402
1.33613
2.16526
2.0683
1.6911
2.44125
2.26492
1.99359
0.907624
2.09753
0.458983
0.0937604
1.69544
1.22107
0.597089
0.530368
1.17378
2.12034
1.94415
1.37549
1.66982
1.76631
1.82977
2.40537
1.5906
1.07383
2.73726
2.79135
2.35201
2.47919
0.179139
1.757
2.94929
2.39216
2.9515
1.07431
0.402073
2.93519
0.460785
1.66721
1.8576
2.63934
1.99752
1.79383
0.572711
1.05849
1.27528
1.60446
2.06917
0.264965
1.82529
1.6575
0.192904
2.95081
1.43577
0.391867
1.85103
0.573432
2.00919
2.93798
1.25885
1.03259
1.95377
2.56698
2.70503
1.51722
1.10111
2.34153
1.56648
1.57239
1.76478
2.74863
2.91046
1.32509
2.56683
1.2348
2.17457
2.36854
1.41885
0.236364
2.82853
0.417731
2.32945
2.94078
0.672477
2.65644
1.40456
1.05461
1.84644
0.741991
0.471951
0.88874
1.88387
0.163642
0.555978
1.57168
0.244504
2.46697
0.617584
2.11799
2.57295
1.17758
2.03225
0.228373
1.28322
0.0424813
0.706896
1.54505
0.195834
0.0580602
0.325266
2.80903
2.39128
2.12391
1.82358
2.05934
0.0663136
0.761044
1.48758
0.209145
1.47322
0.312287
2.38698
2.46825
0.740788
1.17912
1.60161
0.0405999
2.666
2.62758
1.82494
0.175069
1.03374
0.0967855
1.20465
0.252489
2.72782
0.687008
0.477128
0.813163
2.83673
0.166118
2.97427
0.224613
1.13444
1.80065
1.5935
0.453027
2.95657
2.4258
1.21104
2.34014
2.34145
1.03551
0.272864
2.29202
0.484315
2.60719
1.97067
0.537453
1.4007
2.5328
2.32537
0.950572
1.88468
0.287043
1.17359
2.05289
1.53308
2.88899
2.43694
2.23329
0.424347
0.705338
2.78826
2.10808
0.00927637
0.696097
1.5172
1.73328
2.51188
2.68848
2.10166
1.13842
0.978449
2.3538
0.116506
0.607683
0.550157
2.59348
2.2165
0.622128
0.803375
2.38249
2.92244
0.180879
1.18816
0.312441
0.0489325
2.98801
0.848058
2.99419
0.906975
1.84568
0.533564
1.00801
0.57547
0.0787095
2.88988
2.06483
2.83061
1.5859
0.172892
1.7461
2.94141
0.0868957
0.41153
1.24018
1.50898
1.92016
0.811023
0.95571
1.56196
0.340365
0.152171
1.10913
0.01272
2.1407
2.47118
2.85578
1.94592
1.52728
2.28356
2.92067
1.34905
0.912786
0.474343
0.727705
1.01483
0.437464
0.998119
0.823581
1.99563
2.34232
0.330684
1.5023
0.320608
2.36177
1.19429
0.861378
2.05296
1.98667
1.05416
0.19968
2.67065
0.354816
1.43507
2.98152
2.7383
1.58565
1.76341
1.97024
2.33773
1.26011
2.95752
2.00673
2.2203
2.594
1.52382
2.37309
2.23905
2.30484
0.963133
1.67523
2.6089
1.73326
1.65125
2.86464
2.36538
0.1823
2.39218
1.08019
2.88634
0.0932189
2.27702
2.45223
0.926984
1.35643
2.65049
2.3792
1.92414
1.65304
0.471289
0.91376
1.63965
0.550822
2.06241
1.55409
1.97206
2.27293
0.357874
1.14779
0.58624
2.91949
0.434543
0.389854
0.212116
1.4624
1.32139
2.02477
0.312128
0.920074
0.286352
0.129026
0.0676184
1.78975
1.69286
1.00226
1.68124
1.96836
0.107546
0.477254
1.73917
0.869573
2.21985
0.549373
2.98513
1.47228
0.680605
0.209152
2.00465
0.111454
1.20631
1.12296
2.1125
0.433008
1.29157
1.71589
1.79887
0.0225672
1.344
0.0784955
1.89618
0.61055
0.139079
2.60037
2.15264
2.24449
2.92748
1.4238
0.457121
0.894277
2.58495
2.64415
0.375942
0.165674
2.70164
0.965453
0.901755
2.87167
0.700751
2.37994
0.272829
1.74615
2.56112
0.914509
0.74603
1.03373
0.0403276
1.76664
1.55939
2.91284
0.499111
0.375352
0.193426
1.12996
1.18371
0.625962
2.22182
2.65527
2.00716
2.78598
1.33393
0.440201
0.0673799
0.771373
0.0684942
0.706794
2.80149
0.946704
2.03542
2.55192
1.01488
1.75552
0.22086
1.10044
1.87327
2.51595
0.267538
0.546817
0.635857
0.582985
2.95573
0.892341
0.00641954
1.30914
2.21711
1.24935
2.26458
0.37191
2.23225
2.95881
1.42368
0.168223
1.37341
1.6549
0.231544
1.40892
1.24399
0.335777
2.34707
2.89645
0.927426
1.63001
0.667795
0.0357028
1.48569
1.1907
0.962495
2.30177
2.78832
2.45503
0.0501561
0.253947
1.78552
1.36248
0.883914
2.85581
0.0260651
2.31648
1.63249
1.93769
1.20947
0.788519
1.01102
1.32441
0.395228
0.496001
2.74429
2.78466
0.0411281
1.13078
2.17757
2.75546
0.40314
0.896771
0.0669384
0.100673
1.58803
1.40843
1.84499
2.67698
2.25051
0.321929
1.71239
2.75429
0.215391
0.513336
2.49325
0.267035
2.17379
1.02124
1.96633
1.27415
1.06951
1.91622
2.75721
0.452466
2.02107
2.55918
1.04372
2.94756
0.703684
1.5453
1.28252
1.70586
2.9603
0.601765
2.85549
2.03835
0.902981
0.789588
2.99053
0.16008
1.63885
0.23141
1.33942
0.372295
2.28645
0.88162
2.91797
2.48292
0.485414
0.170751
0.126503
1.8296
0.257501
0.060957
1.65618
0.663321
0.146787
1.35322
0.0810897
1.09612
2.51823
2.88633
0.394328
1.77567
1.5524
2.2007
2.05806
2.91574
1.07006
1.1163
1.72706
0.549564
1.15392
1.0512
2.7917
0.151404
2.21692
2.17406
2.23166
2.71552
1.23124
1.36014
1.65518
1.43008
0.0954633
0.0613867
1.35188
0.525884
0.790613
1.55812
2.28298
0.534421
0.314635
1.23188
1.24613
1.69997
0.335626
0.304502
2.82604
1.79035
1.81745
2.158
0.813608
0.896879
1.93314
0.0280177
2.1886
1.14187
2.43841
2.24688
0.266483
1.26869
0.823778
2.80962
2.43787
0.837696
1.53011
0.399479
1.5928
0.416687
1.489
1.65682
0.888487
0.314546
1.32287
1.37445
0.0761163
0.386155
0.974637
2.65597
1.89598
2.73342
1.43365
0.0338808
2.17556
1.76523
1.85891
2.00363
0.468438
2.41802
0.951065
2.18502
1.32581
2.63408
0.686565
2.71865
0.843702
0.636428
0.110463
2.59076
1.31052
0.499364
0.759167
2.43026
2.45481
0.53306
0.848672
1.29738
0.322315
2.46872
1.79388
0.0282613
1.48587
2.18005
0.821739
1.79778
1.93819
1.01956
2.47632
2.82893
0.035741
2.28689
0.112045
0.451209
1.0275
2.40688
1.25756
2.24042
2.67408
0.0706633
0.144886
0.758565
2.09071
1.03432
1.51259
0.66353
1.8941
2.54492
2.12056
0.674795
2.05829
0.833962
2.88631
1.27733
2.6279
2.73442
2.52964
2.82284
0.640138
0.294038
1.49373
0.339362
1.71809
1.68068
2.94951
0.399717
0.81489
0.959958
0.411272
1.79443
1.10065
2.12748
0.518056
1.40629
0.818159
1.58366
2.73524
1.3376
2.48597
0.0459646
1.87349
2.60911
0.0167576
0.276941
1.79486
1.21283
0.786545
2.10444
1.63671
1.70861
2.00486
0.971158
1.96913
2.31522
2.34542
2.00967
1.57221
2.30715
2.34733
2.26429
0.181812
2.15565
0.457264
2.21526
1.61435
2.89578
2.0698
1.8873
1.16402
1.65353
1.34436
2.85317
2.20095
0.266846
2.86124
1.69089
0.960858
2.57458
0.592947
0.391445
1.94825
1.28113
0.229895
0.697333
1.64827
1.67012
1.50887
1.23691
0.0576675
1.16148
2.56077
0.412973
2.23827
2.4875
0.954985
0.492118
0.715754
2.2784
2.49052
0.571386
0.196879
1.78616
0.464986
1.22493
0.0444006
1.89424
0.569944
0.245149
0.342106
1.10644
1.98213
2.75716
0.835097
2.47839
1.42867
2.62408
1.46429
2.85095
1.40669
1.27111
2.57329
0.668563
1.90913
2.81391
1.5791
1.85241
2.18031
2.80136
2.57551
1.29495
1.44221
1.97945
0.152167
0.941081
0.181043
1.97563
2.15996
1.19255
1.30791
2.704
2.28203
1.3295
2.96687
0.553336
1.12078
1.44688
2.67901
0.139013
2.58899
0.91978
0.702021
1.2222
2.43873
0.0850327
0.732761
2.0585
0.849897
0.191858
0.646645
0.0935081
0.474515
1.44708
0.999895
1.68041
1.45745
2.91742
0.936867
0.913895
0.560376
0.0566017
1.56476
0.822252
2.57938
1.53843
1.05039
1.86553
2.90928
1.71058
2.29873
0.918174
1.11024
0.278737
1.22475
0.123785
2.22143
2.32069
2.56469
0.377878
1.19514
0.0113413
0.12333
2.625
0.751805
2.85176
1.45325
1.21111
1.35216
1.61274
0.346222
1.79205
0.30741
0.0707275
0.355872
0.288821
0.647699
2.65204
1.07369
2.16029
1.38735
1.21053
2.25007
0.91574
0.652397
0.835317
2.56298
0.570558
2.00961
1.03347
2.1059
1.67177
1.94931
1.81636
0.335064
2.19149
2.4546
1.90972
2.95254
1.43573
0.700015
0.585479
1.72478
0.21382
1.83816
0.676999
1.37769
2.67477
1.37168
2.5157
1.9008
0.394952
2.18782
2.98891
2.24174
0.840781
1.42359
2.4056
0.344869
2.22293
2.59464
1.36238
2.63512
2.31014
1.63484
2.99389
2.88582
1.13492
2.59337
1.04322
1.64439
2.78883
1.06666
2.32533
1.82196
1.70633
1.10127
1.2757
1.41132
1.75681
0.0838157
2.44984
1.32868
2.85186
2.02835
2.26427
1.42856
2.56476
0.428009
2.34844
2.18951
1.20316
2.85913
0.559046
0.966478
1.97139
0.643013
2.27515
1.75181
0.922193
0.945511
0.9579
1.16635
0.195486
0.654552
2.77238
2.04892
1.37531
1.1136
2.29944
1.29907
2.75822
0.397375
0.417687
0.165593
2.30968
2.37343
1.25732
2.89379
1.27727
1.45621
2.19121
1.9371
2.28379
2.20177
2.56391
0.986501
0.540103
1.44809
0.570796
1.97767
0.14275
2.53554
0.0308642
2.09887
2.63516
0.849944
2.91783
1.25208
0.636037
2.59824
2.14144
1.82923
2.11265
1.06101
2.25966
1.82599
1.96883
0.859905
2.27991
0.44751
2.17221
1.45579
2.45245
2.30583
1.59391
2.77286
0.251978
0.894955
0.572024
1.75595
1.47511
2.05112
1.15451
2.77911
1.95393
1.233
1.83284
2.86982
2.26437
2.17609
0.0474933
2.35339
0.909363
0.248387
0.286183
1.89826
2.49995
1.78734
2.96497
2.49635
1.08171
2.71947
0.288447
2.38982
0.364391
2.66271
0.190554
2.45862
0.0116094
2.72709
1.10261
1.12559
100000
100000
100000
100000
100000
100000
100000
100000
100000
100000
100000
100000
100000
100000
100000
100000
100000
100000
100000
100000
100000
100000
100000
100000
100000
100000
100000
100000
100000
100000
100000
100000
100000
100000
100000
100000
100000
100000
100000
100000
100000
100000
100000
100000
100000
100000
100000
100000
100000
100000
100000
100000
100000
100000
100000
100000
100000
100000
100000
100000
100000
100000
100000
100000
100000
100000
100000
100000
100000
100000
100000
100000
100000
100000
100000
100000
100000
100000
100000
100000
100000
100000
100000
100000
100000
100000
100000
100000
100000
100000
100000
100000
100000
100000
100000
100000
100000
100000
100000
100000
100000
100000
100000
100000
100000
100000
100000
100000
100000
100000
100000
100000
100000
100000
100000
100000
100000
100000
100000
100000
100000
100000
100000
100000
100000
100000
100000
100000
100000
100000
100000
100000
100000
100000
100000
100000
100000
100000
100000
100000
100000
100000
100000
100000
100000
100000
100000
100000
100000
100000
100000
100000
100000
100000
100000
100000
100000
100000
100000
100000
100000
100000
100000
100000
100000
100000
100000
100000
100000
100000
100000
100000
100000
100000
100000
100000
100000
100000
100000
100000
100000
100000
100000
100000
100000
100000
100000
100000
100000
100000
100000
100000
100000
100000
100000
100000
100000
100000
100000
100000
100000
100000
100000
100000
100000
100000
100000
100000
100000
100000
100000
100000
100000
100000
100000
100000
100000
100000
100000
100000
100000
100000
100000
100000
100000
100000
100000
100000
100000
100000
100000
100000
100000
100000
100000
100000
100000
100000
100000
100000
100000
100000
100000
100000
100000
100000
100000
100000
100000
100000
100000
100000
100000
100000
100000
100000
100000
100000
100000
100000
100000
100000
100000
100000
100000
100000
100000
100000
100000
100000
100000
100000
100000
100000
100000
100000
100000
100000
100000
100000
100000
100000
100000
100000
100000
100000
100000
100000
100000
100000
100000
100000
100000
100000
100000
100000
100000
100000
100000
100000
100000
100000
100000
100000
100000
100000
100000
100000
100000
100000
100000
100000
100000
100000
100000
100000
100000
100000
100000
100000
100000
100000
100000
100000
100000
100000
100000
100000
100000
100000
100000
100000
100000
100000
100000
100000
100000
100000
100000
100000
100000
100000
100000
100000
100000
100000
100000
100000
100000
100000
100000
100000
100000
100000
100000
100000
100000
100000
100000
100000
100000
100000
100000
100000
100000
100000
100000
100000
100000
100000
100000
100000
100000
100000
100000
100000
100000
100000
100000
100000
100000
100000
100000
100000
100000
100000
100000
100000
100000
100000
100000
100000
100000
100000
100000
100000
100000
100000
100000
100000
100000
100000
100000
100000
100000
100000
100000
100000
100000
100000
100000
100000
100000
100000
100000
100000
100000
100000
100000
100000
100000
100000
100000
100000
100000
100000
100000
100000
100000
100000
100000
100000
100000
100000
100000
100000
100000
100000
100000
100000
100000
100000
100000
100000
100000
100000
100000
100000
100000
100000
100000
100000
100000
100000
100000
100000
100000
100000
100000
100000
100000
100000
100000
100000
100000
100000
100000
100000
100000
100000
100000
100000
100000
100000
100000
100000
100000
100000
100000
100000
100000
100000
100000
100000
100000
100000
100000
100000
100000
100000
100000
100000
100000
100000
100000
100000
100000
100000
100000
100000
100000
100000
100000
100000
100000
100000
100000
100000
100000
100000
100000
100000
100000
100000
100000
100000
100000
100000
100000
100000
100000
100000
100000
100000
100000
100000
100000
100000
100000
100000
100000
100000
100000
100000
100000
100000
100000
100000
100000
100000
100000
100000
100000
100000
100000
100000
100000
100000
100000
100000
100000
100000
100000
100000
100000
100000
100000
100000
100000
100000
100000
100000
100000
100000
100000
100000
100000
100000
100000
100000
100000
100000
100000
100000
100000
100000
100000
100000
100000
100000
100000
100000
100000
100000
100000
100000
100000
100000
100000
100000
100000
100000
100000
100000
100000
100000
100000
100000
100000
100000
100000
100000
100000
100000
100000
100000
100000
100000
100000
100000
100000
100000
100000
100000
100000
100000
100000
100000
100000
100000
100000
100000
100000
100000
100000
100000
100000
100000
100000
100000
100000
100000
100000
100000
100000
100000
100000
100000
100000
100000
100000
100000
100000
100000
100000
100000
100000
100000
100000
100000
100000
100000
100000
100000
100000
100000
100000
100000
100000
100000
100000
100000
100000
100000
100000
100000
100000
100000
100000
100000
100000
100000
100000
100000
100000
100000
100000
100000
100000
100000
100000
100000
100000
100000
100000
100000
100000
100000
100000
100000
100000
100000
100000
100000
100000
100000
100000
100000
100000
100000
100000
100000
100000
100000
100000
100000
100000
100000
100000
100000
100000
100000
100000
100000
100000
100000
100000
100000
100000
100000
100000
100000
100000
100000
100000
100000
100000
100000
100000
100000
100000
100000
100000
100000
100000
100000
100000
100000
100000
100000
100000
100000
100000
100000
100000
100000
100000
100000
100000
100000
100000
100000
100000
100000
100000
100000
100000
100000
100000
100000
100000
100000
100000
100000
100000
100000
100000
100000
100000
100000
100000
100000
100000
100000
100000
100000
100000
100000
100000
100000
100000
100000
100000
100000
100000
100000
100000
100000
100000
100000
100000
100000
100000
100000
100000
100000
100000
100000
100000
100000
100000
100000
100000
100000
100000
100000
100000
100000
100000
100000
100000
100000
100000
100000
100000
100000
100000
100000
100000
100000
100000
100000
100000
100000
100000
100000
100000
100000
100000
100000
100000
100000
100000
100000
100000
100000
100000
100000
100000
100000
100000
100000
100000
100000
100000
100000
100000
100000
100000
100000
100000
100000
100000
100000
100000
100000
100000
100000
100000
100000
100000
100000
100000
100000
100000
100000
100000
100000
100000
100000
100000
100000
100000
100000
100000
100000
100000
100000
100000
100000
100000
100000
100000
100000
100000
100000
100000
100000
100000
100000
100000
100000
100000
100000
100000
100000
100000
100000
100000
100000
100000
100000
100000
100000
100000
100000
100000
100000
100000
100000
100000
100000
100000
100000
100000
100000
100000
100000
100000
100000
100000
100000
100000
100000
100000
100000
100000
100000
100000
100000
100000
100000
100000
100000
100000
100000
100000
100000
100000
100000
100000
100000
100000
100000
100000
100000
100000
100000
100000
100000
