5020 8290
11 585 1
3 1569 1
14 2219 1
0 450 1
7 3573 1
3 1576 1
2 1429 1
19 1338 1
3 1855 1
16 1275 1
5 2903 1
4 2028 1
8 4327 1
6 3269 1
16 3264 1
16 4772 1
1 696 1
19 4840 1
7 3917 1
8 4193 1
0 122 1
0 519 1
5 2762 1
0 417 1
17 788 1
0 106 1
10 3537 1
7 3724 1
1 664 1
3 1523 1
5 2785 1
15 239 1
2 1419 1
15 727 1
15 2749 1
14 2194 1
13 1190 1
9 4853 1
6 3246 1
2 1299 1
13 164 1
19 2842 1
4 2395 1
1 658 1
17 2283 1
13 691 1
1 897 1
6 3044 1
10 2522 1
0 260 1
10 2035 1
1 844 1
4 2296 1
5 2881 1
0 38 1
0 47 1
12 4646 1
5 2624 1
6 3486 1
1 806 1
8 4163 1
15 1748 1
5 2811 1
13 680 1
3 1840 1
2 1235 1
0 428 1
12 1129 1
9 4847 1
7 3686 1
16 3257 1
5 2561 1
6 3110 1
4 2362 1
3 1955 1
3 1797 1
8 4085 1
1 908 1
6 3313 1
8 4196 1
14 1714 1
1 564 1
4 2489 1
11 4106 1
0 295 1
18 3810 1
0 100 1
8 4197 1
17 4292 1
18 4312 1
1 764 1
9 4994 1
1 680 1
16 2257 1
7 3809 1
0 178 1
10 3532 1
12 3148 1
12 627 1
16 2775 1
11 2588 1
1 737 1
1 984 1
9 4774 1
5 2981 1
19 337 1
2 1167 1
12 3639 1
1 707 1
18 4827 1
4 2257 1
12 2617 1
6 3120 1
13 4183 1
3 1626 1
3 1990 1
11 2101 1
10 1045 1
5 2554 1
10 530 1
6 3105 1
14 3201 1
6 3481 1
7 3568 1
14 2699 1
7 3654 1
16 3767 1
11 4613 1
16 1760 1
14 4218 1
0 147 1
11 1589 1
0 251 1
9 4726 1
11 4589 1
19 835 1
12 3151 1
7 3832 1
5 2976 1
13 3663 1
2 1246 1
9 4532 1
10 2068 1
2 1308 1
3 1532 1
5 2640 1
11 4603 1
13 3662 1
2 1250 1
7 3708 1
7 4002 1
5 2867 1
5 2618 1
6 3208 1
15 3740 1
10 2552 1
5 2722 1
0 74 1
11 84 1
4 2446 1
14 3198 1
17 4795 1
13 2660 1
13 1176 1
14 716 1
9 4916 1
9 4820 1
15 2730 1
12 631 1
4 2355 1
1 723 1
19 1847 1
9 4637 1
6 3443 1
11 1096 1
0 180 1
11 571 1
1 962 1
18 3319 1
2 1301 1
9 4710 1
4 2465 1
8 4044 1
16 2758 1
6 3365 1
16 760 1
7 3667 1
0 232 1
10 3535 1
1 591 1
17 288 1
0 109 1
10 2560 1
4 2344 1
4 2459 1
10 4055 1
8 4325 1
5 2573 1
0 235 1
4 2205 1
6 3424 1
10 3028 1
1 960 1
4 2026 1
8 4425 1
11 1605 1
16 761 1
4 2430 1
1 959 1
16 4758 1
9 4755 1
6 3065 1
11 1090 1
4 2466 1
18 1817 1
19 332 1
6 3336 1
10 3036 1
1 807 1
5 2598 1
13 1164 1
0 390 1
0 198 1
10 4563 1
13 1162 1
12 2626 1
16 4282 1
6 3353 1
15 1227 1
2 1082 1
0 141 1
8 4198 1
0 356 1
9 4698 1
14 1212 1
2 1393 1
11 99 1
4 2399 1
19 2845 1
14 4719 1
15 3231 1
0 243 1
11 4110 1
5 2825 1
6 3197 1
1 969 1
6 3485 1
4 2180 1
1 652 1
19 4337 1
4 2193 1
4 2299 1
3 1823 1
10 4052 1
8 4377 1
13 1679 1
3 1968 1
12 4123 1
15 749 1
9 4790 1
4 2422 1
12 2144 1
7 3798 1
0 234 1
9 4690 1
9 4791 1
7 3878 1
1 855 1
4 2040 1
10 563 1
0 276 1
14 2714 1
11 577 1
8 4471 1
12 3635 1
0 97 1
15 1228 1
1 1019 1
0 342 1
4 2492 1
9 4722 1
18 817 1
3 1554 1
10 3023 1
5 3018 1
4 2045 1
13 4163 1
3 1588 1
8 4072 1
14 3697 1
8 4204 1
1 915 1
10 2535 1
2 1206 1
19 4833 1
7 3736 1
3 1595 1
15 4745 1
11 580 1
9 4554 1
9 4615 1
9 4551 1
18 4819 1
7 3861 1
14 3218 1
3 1572 1
7 4013 1
14 4219 1
18 2311 1
1 717 1
1 779 1
12 4645 1
4 2036 1
5 2633 1
12 151 1
8 4022 1
3 1627 1
16 3756 1
1 957 1
11 2082 1
3 1540 1
2 1048 1
10 4039 1
14 3222 1
3 1630 1
2 1506 1
9 4906 1
12 4148 1
1 690 1
7 3715 1
3 1859 1
2 1071 1
8 4093 1
15 2736 1
2 1152 1
19 4848 1
9 4709 1
17 789 1
14 2198 1
10 2054 1
3 1644 1
17 4804 1
17 2289 1
12 4634 1
2 1499 1
0 120 1
11 4080 1
19 4836 1
5 2627 1
12 3653 1
12 1655 1
7 3601 1
3 1531 1
2 1465 1
13 674 1
11 2084 1
18 4310 1
4 2293 1
10 2525 1
13 191 1
2 1030 1
11 3601 1
0 424 1
13 1172 1
15 1742 1
17 4806 1
9 4631 1
14 2705 1
3 1778 1
14 2222 1
14 1710 1
12 2127 1
7 3805 1
8 4102 1
13 3170 1
11 1573 1
10 1566 1
13 4680 1
19 340 1
16 2774 1
12 119 1
8 4075 1
4 2512 1
14 1215 1
12 2136 1
16 3779 1
5 2623 1
4 2089 1
12 2145 1
10 1020 1
9 4729 1
9 4799 1
13 4685 1
5 3011 1
1 867 1
19 1838 1
9 4589 1
4 2228 1
9 4540 1
4 2427 1
0 348 1
11 3608 1
8 4259 1
18 3308 1
13 4686 1
15 2249 1
8 4221 1
1 840 1
19 2843 1
7 3714 1
0 286 1
1 802 1
5 2778 1
14 4722 1
15 1236 1
1 813 1
19 846 1
15 4738 1
8 4479 1
6 3421 1
9 4925 1
14 2696 1
6 3509 1
4 2035 1
5 2791 1
16 4267 1
5 2892 1
9 4652 1
2 1060 1
7 3778 1
6 3309 1
11 1587 1
17 797 1
9 4629 1
1 945 1
8 4285 1
14 3725 1
1 880 1
6 3182 1
14 3704 1
3 1864 1
4 2435 1
4 2306 1
1 599 1
10 3026 1
0 278 1
9 4792 1
16 2276 1
11 1103 1
13 4156 1
1 598 1
4 2297 1
1 864 1
3 1969 1
3 1584 1
2 1068 1
2 1293 1
7 3933 1
1 548 1
7 3629 1
8 4280 1
0 500 1
18 1819 1
16 259 1
2 1106 1
1 624 1
3 1896 1
4 2259 1
11 3104 1
10 1568 1
14 2205 1
11 2578 1
3 1781 1
12 116 1
10 1034 1
17 2306 1
5 2673 1
5 2730 1
14 1694 1
9 4702 1
16 4281 1
2 1126 1
8 4373 1
9 4855 1
15 3228 1
10 3064 1
18 1811 1
14 1202 1
13 173 1
6 3023 1
10 1557 1
7 3999 1
13 2165 1
8 4158 1
16 271 1
13 2657 1
3 2009 1
5 2591 1
3 1853 1
11 2610 1
7 3773 1
15 3739 1
17 4791 1
16 261 1
3 1597 1
5 2763 1
15 3731 1
2 1239 1
9 4613 1
10 4020 1
14 3210 1
10 2524 1
13 1182 1
9 4851 1
10 4023 1
6 3428 1
9 4603 1
5 2798 1
10 30 1
14 4708 1
12 4639 1
1 632 1
14 197 1
12 617 1
16 279 1
1 733 1
2 1078 1
16 2260 1
6 3184 1
1 606 1
10 1053 1
5 2563 1
15 4734 1
5 2739 1
9 4610 1
2 1040 1
17 1797 1
14 712 1
7 3575 1
6 3388 1
10 531 1
8 4251 1
5 2603 1
13 1185 1
13 2675 1
12 641 1
4 2315 1
7 3937 1
17 2784 1
3 1779 1
2 1455 1
2 1315 1
1 999 1
4 2263 1
9 4892 1
13 1683 1
12 1640 1
17 3793 1
14 3696 1
11 1596 1
2 1272 1
10 4535 1
12 1621 1
3 1681 1
19 3332 1
18 2826 1
1 850 1
1 991 1
16 1756 1
1 1011 1
11 4071 1
7 3907 1
10 4561 1
1 909 1
4 2093 1
5 2810 1
12 3641 1
13 2686 1
8 4326 1
5 2911 1
1 762 1
0 271 1
7 3808 1
8 4321 1
1 752 1
9 4708 1
8 4323 1
3 1894 1
8 4388 1
12 1124 1
7 3780 1
0 270 1
17 3299 1
6 3343 1
0 57 1
10 538 1
19 1335 1
12 1653 1
3 1715 1
4 2213 1
11 3587 1
10 540 1
8 4352 1
6 3240 1
4 2408 1
8 4184 1
7 3915 1
14 4696 1
14 3220 1
12 155 1
1 831 1
3 1933 1
0 40 1
18 3820 1
3 1965 1
7 3720 1
19 2339 1
8 4147 1
0 208 1
18 4826 1
3 1669 1
15 3747 1
16 4280 1
7 3603 1
15 3746 1
10 1535 1
0 300 1
6 3480 1
3 1938 1
0 218 1
7 3756 1
5 2745 1
12 1134 1
6 3088 1
10 2063 1
7 3704 1
7 3548 1
5 2663 1
7 3694 1
8 4212 1
7 3744 1
5 2710 1
8 4391 1
18 3816 1
6 3124 1
1 721 1
1 892 1
9 4753 1
0 445 1
5 2820 1
0 515 1
1 905 1
6 3198 1
19 3847 1
9 4667 1
13 656 1
17 2798 1
7 3673 1
8 4396 1
2 1451 1
14 2721 1
7 3749 1
0 196 1
16 3275 1
8 4114 1
7 3864 1
3 1599 1
16 4264 1
11 2596 1
0 350 1
4 2381 1
18 3822 1
17 4296 1
11 599 1
8 4084 1
8 4496 1
13 4658 1
12 121 1
7 3936 1
12 1133 1
5 2996 1
18 3315 1
12 3155 1
1 882 1
17 3784 1
15 2743 1
14 3699 1
4 2094 1
12 4139 1
17 798 1
9 4929 1
13 2676 1
18 1313 1
2 1224 1
0 399 1
12 3637 1
3 1888 1
3 1890 1
1 812 1
2 1163 1
13 4186 1
1 694 1
5 2585 1
13 2191 1
8 4118 1
17 3290 1
15 4753 1
5 2925 1
6 3250 1
10 2067 1
18 3312 1
7 3772 1
0 391 1
10 2557 1
13 2682 1
7 4015 1
4 2455 1
0 431 1
3 1818 1
1 584 1
11 1585 1
8 4121 1
13 1681 1
6 3316 1
12 1620 1
3 1713 1
15 2735 1
4 2360 1
9 4856 1
2 1114 1
18 325 1
4 2321 1
14 1198 1
13 4668 1
10 2521 1
12 651 1
5 2583 1
5 2894 1
12 146 1
13 664 1
1 921 1
3 1594 1
0 337 1
16 769 1
3 1573 1
9 4810 1
7 3847 1
12 4143 1
8 4203 1
5 2978 1
6 3459 1
4 2203 1
9 4964 1
1 860 1
1 868 1
13 3670 1
0 441 1
3 1557 1
8 4482 1
2 1203 1
3 1701 1
6 3512 1
2 1103 1
1 985 1
0 104 1
16 4266 1
15 1247 1
1 987 1
19 832 1
9 4905 1
0 498 1
11 1610 1
14 1205 1
2 1142 1
16 2258 1
8 4316 1
13 4670 1
8 4476 1
1 618 1
0 402 1
1 956 1
4 2162 1
7 3833 1
3 1658 1
8 4064 1
16 4257 1
9 4711 1
8 4050 1
18 3311 1
12 3132 1
8 4143 1
16 276 1
3 1783 1
1 522 1
13 160 1
11 1577 1
17 792 1
3 1959 1
9 4573 1
8 4217 1
19 834 1
0 44 1
6 3037 1
13 3671 1
3 1542 1
9 4993 1
1 785 1
4 2370 1
11 3088 1
19 4845 1
9 4607 1
5 2859 1
13 169 1
2 1249 1
0 325 1
9 4660 1
11 2576 1
5 2824 1
7 3649 1
3 1697 1
2 1031 1
5 2800 1
2 1164 1
7 3638 1
13 3186 1
10 1046 1
10 4068 1
12 3649 1
9 4669 1
3 2007 1
9 4886 1
7 3792 1
14 2204 1
5 2784 1
6 3204 1
8 4032 1
3 1586 1
8 4317 1
0 461 1
7 3534 1
17 2304 1
10 3544 1
19 2833 1
3 1643 1
9 4769 1
11 2575 1
3 1579 1
3 1794 1
3 1786 1
6 3306 1
2 1141 1
8 4433 1
8 4335 1
18 3317 1
12 2643 1
3 1550 1
17 286 1
2 1431 1
9 4661 1
13 3157 1
8 4389 1
2 1187 1
16 260 1
18 3320 1
10 1043 1
5 2961 1
6 3423 1
5 2611 1
4 2155 1
11 2592 1
3 1904 1
0 366 1
3 1845 1
12 4140 1
11 3581 1
10 4043 1
0 242 1
12 4145 1
8 4067 1
10 548 1
4 2221 1
10 3055 1
3 1769 1
17 1785 1
3 1886 1
13 1175 1
11 3604 1
8 4314 1
10 3045 1
0 93 1
14 1705 1
1 605 1
5 2967 1
10 2024 1
8 4483 1
13 2186 1
3 1834 1
15 249 1
13 3687 1
7 3779 1
12 4118 1
8 4057 1
9 4754 1
10 3024 1
12 4627 1
4 2227 1
18 1315 1
1 875 1
8 4242 1
9 4877 1
18 4807 1
17 3783 1
19 848 1
3 1790 1
1 835 1
11 3595 1
11 110 1
12 2142 1
1 815 1
2 1279 1
8 4117 1
9 4546 1
14 201 1
7 3794 1
15 227 1
1 766 1
8 4399 1
16 1282 1
18 2814 1
15 3753 1
13 2670 1
8 4142 1
2 1487 1
17 2795 1
5 2724 1
8 4154 1
4 2127 1
5 3017 1
9 4956 1
3 1653 1
2 1198 1
18 2827 1
10 1520 1
13 3187 1
0 250 1
9 4647 1
13 684 1
19 329 1
11 2075 1
4 2077 1
14 3713 1
3 1820 1
16 1781 1
0 339 1
8 4376 1
10 3030 1
10 554 1
12 1145 1
16 4769 1
8 4366 1
11 4579 1
5 2661 1
13 1177 1
2 1367 1
13 2183 1
1 1009 1
2 1102 1
3 1907 1
7 3536 1
10 1530 1
11 2106 1
15 2731 1
12 2644 1
8 4310 1
11 1593 1
6 3193 1
8 4305 1
15 2738 1
11 4109 1
4 2133 1
6 3338 1
5 2743 1
1 800 1
8 4435 1
12 3120 1
6 3454 1
3 1889 1
8 4286 1
13 2189 1
6 3378 1
9 4833 1
9 4943 1
6 3161 1
7 3520 1
19 4335 1
16 4760 1
10 4051 1
10 2039 1
7 3976 1
8 4038 1
12 1150 1
7 3748 1
0 367 1
3 1914 1
4 2081 1
12 4130 1
1 817 1
2 1131 1
5 2653 1
16 2759 1
2 1247 1
0 226 1
7 4017 1
18 3823 1
17 4783 1
7 3619 1
7 3701 1
5 2708 1
15 1749 1
0 373 1
6 3374 1
11 76 1
7 3974 1
11 2098 1
9 4555 1
1 530 1
8 4099 1
14 2218 1
3 1905 1
8 4398 1
17 2296 1
6 3463 1
1 902 1
1 1010 1
4 2103 1
10 4562 1
10 1048 1
4 2447 1
0 292 1
16 1278 1
1 575 1
3 1601 1
16 1271 1
2 1324 1
5 2700 1
18 809 1
5 2873 1
9 4840 1
1 883 1
3 1998 1
8 4183 1
5 2949 1
12 139 1
18 4317 1
10 3057 1
10 4540 1
2 1138 1
12 1152 1
12 4621 1
8 4229 1
17 3797 1
12 127 1
6 3033 1
6 3207 1
9 4772 1
10 2032 1
13 179 1
6 3195 1
9 4525 1
5 2935 1
18 3307 1
8 4263 1
10 3066 1
6 3115 1
16 775 1
1 789 1
17 1305 1
14 2715 1
6 3289 1
10 4053 1
6 3319 1
11 1597 1
1 928 1
0 386 1
5 2651 1
1 853 1
4 2131 1
18 811 1
10 4066 1
11 572 1
16 4761 1
17 3288 1
18 816 1
6 3251 1
17 2284 1
6 3160 1
12 3630 1
10 1542 1
9 4827 1
14 2211 1
5 2900 1
1 586 1
5 2953 1
7 3703 1
0 92 1
16 1766 1
6 3348 1
13 4185 1
14 3223 1
9 4704 1
11 101 1
1 856 1
7 3557 1
15 3252 1
7 3787 1
13 3672 1
3 1993 1
13 659 1
4 2274 1
14 4723 1
0 229 1
0 230 1
5 2620 1
12 2143 1
17 4288 1
9 4803 1
7 3774 1
3 1925 1
6 3293 1
16 265 1
18 316 1
10 3041 1
12 4642 1
16 1280 1
2 1477 1
3 1792 1
12 1155 1
3 1646 1
14 1210 1
16 3259 1
1 988 1
2 1326 1
5 2752 1
8 4220 1
6 3232 1
17 4793 1
5 2697 1
3 1784 1
11 2570 1
0 310 1
10 3545 1
9 4768 1
19 4842 1
8 4490 1
10 40 1
17 4787 1
11 2577 1
9 4778 1
4 2067 1
7 3797 1
5 2819 1
19 4841 1
7 3556 1
3 1625 1
3 1600 1
2 1285 1
5 3003 1
5 2607 1
18 312 1
4 2485 1
0 134 1
0 94 1
8 4361 1
6 3097 1
11 4086 1
1 937 1
9 5018 1
8 4024 1
1 982 1
11 3081 1
5 2571 1
8 4126 1
13 4666 1
8 4214 1
10 2066 1
2 1443 1
16 4774 1
5 2947 1
4 2503 1
12 3646 1
12 1618 1
12 3142 1
8 4195 1
19 4844 1
9 4579 1
5 2815 1
12 4633 1
3 1782 1
2 1243 1
10 557 1
8 4374 1
6 3145 1
4 2206 1
3 1813 1
8 4289 1
0 239 1
7 3677 1
8 4112 1
7 3676 1
5 2960 1
3 1918 1
1 829 1
1 1000 1
5 2608 1
10 3525 1
10 1564 1
14 3205 1
3 1919 1
1 692 1
2 1036 1
4 2267 1
5 2833 1
6 3288 1
9 4542 1
17 4301 1
9 4651 1
11 3614 1
13 1664 1
8 4450 1
6 3477 1
18 327 1
1 786 1
18 4813 1
10 2526 1
1 619 1
9 4801 1
1 978 1
10 4033 1
8 4107 1
8 4458 1
10 4545 1
11 3606 1
13 3167 1
9 4604 1
4 2126 1
7 4003 1
1 796 1
5 2689 1
5 2655 1
5 2668 1
2 1468 1
9 4557 1
7 3656 1
9 4883 1
8 4129 1
17 2786 1
5 3019 1
2 1445 1
7 3883 1
12 2639 1
11 1105 1
18 318 1
13 3661 1
12 621 1
11 4594 1
2 1313 1
9 4933 1
18 4823 1
15 4231 1
0 459 1
3 1667 1
9 4564 1
18 3327 1
2 1125 1
3 1598 1
0 420 1
2 1405 1
13 2661 1
1 983 1
13 2176 1
9 4750 1
0 407 1
7 3928 1
12 2149 1
16 3781 1
2 1351 1
10 3062 1
0 382 1
3 1722 1
5 2860 1
17 283 1
9 4873 1
5 2643 1
19 1341 1
15 4744 1
16 4771 1
1 567 1
11 86 1
8 4055 1
1 545 1
13 4168 1
4 2108 1
15 2245 1
1 805 1
1 722 1
18 2812 1
2 1476 1
3 1971 1
11 3072 1
12 4131 1
3 1682 1
6 3081 1
0 480 1
12 1126 1
8 4405 1
8 4346 1
10 1567 1
1 742 1
16 3777 1
12 4618 1
17 4295 1
0 518 1
9 4751 1
16 280 1
1 966 1
8 4191 1
6 3502 1
1 608 1
5 2706 1
4 2478 1
5 2605 1
14 4214 1
6 3101 1
8 4200 1
13 3161 1
3 1703 1
4 2084 1
11 2095 1
7 3891 1
9 4795 1
13 2684 1
2 1120 1
7 3662 1
10 1067 1
8 4446 1
10 1533 1
19 1344 1
0 52 1
17 3800 1
12 2130 1
8 4023 1
17 4805 1
7 3641 1
9 4967 1
11 4112 1
6 3085 1
18 3826 1
0 379 1
7 3728 1
11 89 1
7 3874 1
8 4150 1
9 4935 1
2 1287 1
7 3610 1
0 26 1
5 2779 1
13 690 1
2 1482 1
15 1741 1
6 3483 1
1 774 1
5 2834 1
7 3723 1
14 213 1
11 2609 1
7 3767 1
5 2857 1
4 2294 1
6 3150 1
17 2297 1
2 1353 1
15 732 1
8 4162 1
2 1373 1
6 3440 1
8 4426 1
2 1192 1
15 1728 1
9 4744 1
13 4661 1
10 2047 1
11 594 1
16 4260 1
8 4444 1
4 2095 1
0 63 1
4 2340 1
9 4578 1
11 581 1
5 2941 1
11 2608 1
3 2014 1
10 1068 1
9 4794 1
6 3084 1
10 4036 1
6 3111 1
8 4501 1
6 3221 1
11 4111 1
3 1753 1
10 1049 1
10 39 1
5 2638 1
19 838 1
8 4208 1
4 2020 1
14 4198 1
11 2612 1
18 1317 1
13 165 1
7 3964 1
3 1774 1
14 2725 1
6 3412 1
9 4939 1
18 324 1
6 3446 1
16 2776 1
9 4839 1
0 268 1
10 1553 1
6 3335 1
0 340 1
15 1755 1
9 4561 1
10 3564 1
19 3344 1
8 4188 1
11 4104 1
0 389 1
2 1378 1
12 1149 1
0 257 1
17 2789 1
7 3836 1
13 4173 1
17 1791 1
5 2844 1
7 3733 1
5 2885 1
14 3700 1
8 4341 1
18 1820 1
0 111 1
7 3576 1
6 3043 1
10 4556 1
16 269 1
5 2537 1
14 3194 1
3 1776 1
4 2087 1
9 4922 1
9 4562 1
7 3961 1
11 4075 1
14 4694 1
14 1697 1
8 4385 1
18 4307 1
6 3357 1
1 772 1
15 1735 1
0 369 1
5 2698 1
17 2805 1
5 2740 1
5 2962 1
16 4770 1
19 3831 1
10 1023 1
9 4937 1
10 38 1
11 2099 1
4 2436 1
17 785 1
8 4227 1
3 1892 1
8 4334 1
4 2317 1
2 1399 1
13 3685 1
4 2509 1
12 4137 1
1 740 1
7 3637 1
2 1021 1
6 3436 1
15 736 1
3 1622 1
8 4303 1
17 4289 1
12 4630 1
2 1430 1
17 801 1
13 2666 1
11 4079 1
6 3144 1
9 4694 1
17 794 1
11 4097 1
1 773 1
14 3724 1
11 88 1
5 2920 1
2 1047 1
8 4465 1
1 523 1
6 3307 1
10 1041 1
18 4818 1
2 1359 1
7 3612 1
1 955 1
2 1456 1
17 2287 1
6 3453 1
7 3685 1
1 1015 1
10 4048 1
1 744 1
11 3592 1
13 1668 1
6 3276 1
3 1696 1
15 1240 1
16 256 1
7 3822 1
7 3652 1
2 1364 1
3 1648 1
10 25 1
16 1261 1
11 4108 1
12 2653 1
2 1380 1
4 2273 1
13 3165 1
8 4381 1
1 549 1
7 3743 1
0 363 1
15 4249 1
11 1584 1
8 4455 1
5 2989 1
2 1447 1
4 2498 1
12 3622 1
18 1316 1
17 4287 1
1 979 1
15 3741 1
10 31 1
7 3525 1
8 4402 1
6 3384 1
14 4697 1
5 2796 1
9 4936 1
1 755 1
3 1751 1
18 1825 1
19 2337 1
13 4667 1
5 2662 1
0 86 1
1 644 1
9 4531 1
0 240 1
6 3418 1
0 433 1
13 3166 1
1 562 1
14 4223 1
11 4591 1
1 557 1
15 730 1
0 298 1
4 2037 1
13 183 1
19 836 1
5 2523 1
12 3615 1
3 1785 1
1 810 1
8 4141 1
1 871 1
7 3614 1
8 4469 1
1 748 1
16 266 1
0 322 1
1 709 1
12 4141 1
14 4705 1
18 2817 1
16 1770 1
9 4713 1
1 839 1
0 214 1
3 1992 1
13 3683 1
9 4521 1
18 4324 1
2 1280 1
4 2216 1
5 2836 1
12 2622 1
6 3304 1
17 2787 1
11 4090 1
7 3945 1
10 542 1
12 1615 1
1 958 1
1 684 1
13 4188 1
1 946 1
18 4808 1
7 3729 1
8 4502 1
13 2656 1
11 2100 1
12 626 1
5 2793 1
17 1804 1
2 1199 1
11 4114 1
17 1283 1
9 4961 1
0 470 1
18 3314 1
1 716 1
12 1648 1
0 27 1
1 931 1
0 72 1
12 2154 1
15 3736 1
0 76 1
5 2729 1
9 4572 1
2 1194 1
15 1226 1
7 3796 1
1 626 1
7 3634 1
13 167 1
7 3600 1
15 3235 1
0 482 1
0 436 1
19 830 1
14 696 1
1 823 1
14 4209 1
1 775 1
5 2772 1
7 3812 1
8 4115 1
1 989 1
8 4519 1
5 2678 1
18 827 1
12 128 1
3 1930 1
8 4171 1
18 819 1
4 2096 1
6 3186 1
9 4539 1
2 1420 1
10 1058 1
8 4238 1
6 3257 1
9 4859 1
11 3607 1
5 3015 1
9 4580 1
6 3149 1
4 2352 1
7 3890 1
3 1641 1
9 4893 1
19 3339 1
11 4601 1
1 803 1
15 2246 1
1 949 1
15 251 1
18 4322 1
6 3022 1
10 3067 1
16 4271 1
14 4706 1
0 171 1
18 3325 1
7 3639 1
15 4236 1
13 3163 1
11 2589 1
1 542 1
13 1160 1
6 3092 1
14 4710 1
12 3149 1
14 3211 1
7 3894 1
1 968 1
1 672 1
16 1762 1
5 2788 1
2 1207 1
18 1821 1
0 223 1
14 1711 1
0 110 1
9 4565 1
3 1832 1
10 1569 1
10 55 1
13 189 1
5 2734 1
8 4239 1
17 3294 1
0 462 1
7 3765 1
16 4779 1
17 1784 1
3 1591 1
9 4628 1
7 3530 1
11 3102 1
6 3351 1
10 3547 1
9 4699 1
4 2164 1
14 2193 1
16 4258 1
11 4607 1
16 773 1
0 307 1
9 4808 1
13 3657 1
13 4662 1
1 535 1
17 1292 1
6 3076 1
6 3298 1
14 2700 1
3 1757 1
13 3659 1
12 3643 1
13 2178 1
11 3079 1
3 1613 1
16 4263 1
13 4674 1
12 4623 1
5 2579 1
4 2064 1
9 4764 1
19 2835 1
6 3190 1
1 589 1
13 187 1
4 2188 1
5 2812 1
15 3240 1
3 1805 1
7 3630 1
6 3340 1
6 3048 1
13 1685 1
10 556 1
8 4122 1
1 944 1
10 37 1
10 2548 1
5 2954 1
17 3786 1
19 1831 1
10 1563 1
9 4590 1
0 154 1
17 3798 1
0 477 1
3 1812 1
10 2060 1
7 3550 1
11 4604 1
7 3828 1
2 1439 1
3 1553 1
6 3265 1
3 1623 1
3 1651 1
13 4687 1
14 4220 1
12 4622 1
2 1512 1
15 738 1
4 2184 1
8 4504 1
6 3227 1
1 729 1
5 2887 1
4 2140 1
14 205 1
3 1887 1
3 1592 1
13 1168 1
19 1342 1
2 1344 1
11 1570 1
2 1434 1
10 4549 1
14 2201 1
5 2709 1
16 4278 1
12 4652 1
1 739 1
3 1575 1
14 3695 1
8 4419 1
6 3399 1
2 1264 1
3 1558 1
14 719 1
8 4495 1
9 4770 1
5 2918 1
4 2403 1
9 4743 1
10 1528 1
8 4445 1
1 849 1
10 552 1
6 3467 1
7 3888 1
12 3628 1
12 4120 1
7 3760 1
3 1974 1
4 2495 1
15 1231 1
5 2995 1
15 228 1
4 2078 1
5 2527 1
9 4924 1
12 1151 1
0 117 1
2 1111 1
7 4010 1
18 1812 1
19 3348 1
16 1774 1
2 1179 1
5 2604 1
3 1571 1
17 1284 1
7 3790 1
10 28 1
6 3323 1
6 3191 1
2 1510 1
8 4478 1
0 501 1
10 4069 1
10 50 1
3 2015 1
4 2142 1
11 4084 1
6 3295 1
10 2058 1
10 4568 1
2 1461 1
9 4577 1
5 2755 1
5 2528 1
6 3133 1
12 1127 1
9 4606 1
10 529 1
8 4060 1
8 4354 1
8 4356 1
2 1396 1
9 4787 1
4 2341 1
9 4867 1
13 658 1
9 4626 1
13 2672 1
0 169 1
7 3613 1
8 4363 1
4 2437 1
1 571 1
8 4393 1
11 85 1
16 3770 1
0 163 1
10 1042 1
8 4206 1
2 1084 1
11 587 1
4 2119 1
9 4895 1
2 1024 1
19 2844 1
18 3322 1
10 3037 1
12 3133 1
0 279 1
10 4044 1
8 4462 1
6 3364 1
14 4217 1
16 1775 1
5 2606 1
8 4262 1
10 520 1
4 2368 1
13 184 1
6 3127 1
10 4034 1
8 4380 1
1 565 1
1 536 1
13 3664 1
2 1201 1
4 2508 1
5 2753 1
1 751 1
1 642 1
3 1843 1
3 1535 1
18 4321 1
18 2307 1
10 532 1
9 4625 1
9 4620 1
3 1580 1
4 2050 1
3 1760 1
6 3038 1
1 990 1
7 3931 1
13 3189 1
11 97 1
10 2549 1
13 678 1
3 1536 1
13 4187 1
6 3507 1
7 3877 1
16 3761 1
2 1307 1
2 1304 1
2 1051 1
0 283 1
8 4481 1
1 681 1
10 2556 1
1 917 1
0 383 1
10 4041 1
10 3526 1
16 1776 1
17 2796 1
19 4846 1
1 930 1
5 2926 1
4 2030 1
19 4334 1
13 4175 1
12 4155 1
1 933 1
12 3651 1
16 268 1
4 2102 1
9 4658 1
14 1225 1
14 1701 1
0 410 1
13 1688 1
11 612 1
2 1305 1
16 3261 1
7 3865 1
8 4365 1
18 3321 1
11 4585 1
10 1050 1
3 1670 1
0 187 1
15 2748 1
5 2971 1
1 1014 1
1 647 1
13 1180 1
15 4751 1
15 1732 1
9 4591 1
17 4803 1
12 655 1
11 4072 1
6 3425 1
7 3529 1
19 845 1
4 2278 1
18 1321 1
10 1036 1
18 4828 1
3 1967 1
10 1538 1
0 493 1
17 791 1
10 2061 1
3 2006 1
13 689 1
8 4031 1
3 1607 1
1 699 1
4 2484 1
13 1173 1
2 1501 1
8 4329 1
5 2552 1
6 3130 1
11 108 1
18 1808 1
12 2129 1
5 2950 1
11 602 1
5 2952 1
7 3608 1
12 2121 1
8 4098 1
16 768 1
6 3356 1
11 4091 1
2 1336 1
1 651 1
1 936 1
0 432 1
2 1136 1
14 3202 1
14 219 1
10 1534 1
4 2033 1
7 3668 1
19 3848 1
3 1711 1
11 81 1
1 878 1
14 4707 1
11 2585 1
19 3841 1
6 3489 1
10 4522 1
5 2883 1
10 1038 1
12 148 1
17 784 1
9 4725 1
3 1809 1
6 3170 1
7 3690 1
12 3117 1
10 4523 1
6 3215 1
11 1084 1
7 3789 1
9 4963 1
0 128 1
15 3728 1
13 661 1
12 3632 1
13 3182 1
13 3184 1
1 820 1
9 4585 1
18 1320 1
3 1881 1
9 4836 1
9 4966 1
2 1099 1
9 4861 1
7 3880 1
9 4812 1
3 1838 1
0 204 1
9 4976 1
9 4864 1
1 655 1
12 4133 1
8 4509 1
5 2550 1
7 3853 1
0 443 1
8 4395 1
15 2753 1
0 200 1
9 4909 1
0 68 1
7 3829 1
13 2687 1
11 3600 1
4 2416 1
15 3751 1
6 3167 1
2 1170 1
7 3887 1
4 2298 1
0 146 1
2 1460 1
17 806 1
16 3766 1
2 1151 1
8 4309 1
16 3757 1
12 4149 1
10 1565 1
3 1603 1
12 2627 1
16 766 1
15 4739 1
0 396 1
6 3154 1
11 2104 1
7 3616 1
1 972 1
18 2809 1
3 1764 1
1 866 1
0 118 1
5 2767 1
6 3478 1
9 4984 1
13 2180 1
19 4336 1
5 2570 1
2 1421 1
11 1109 1
2 1057 1
15 4749 1
15 744 1
6 3155 1
16 1764 1
18 2810 1
5 2647 1
2 1160 1
2 1104 1
8 4265 1
18 4314 1
0 259 1
0 352 1
12 147 1
11 1601 1
9 4664 1
18 311 1
6 3143 1
16 3276 1
0 405 1
12 2119 1
2 1218 1
18 1327 1
12 3636 1
6 3025 1
12 4628 1
6 3285 1
7 3770 1
12 4620 1
13 3176 1
4 2066 1
8 4460 1
5 2669 1
11 4609 1
6 3203 1
1 869 1
19 344 1
5 2756 1
0 364 1
13 2663 1
13 4160 1
9 4960 1
1 529 1
5 2888 1
5 2540 1
18 3828 1
11 2079 1
18 308 1
2 1062 1
9 4849 1
6 3107 1
15 3742 1
14 695 1
16 3760 1
18 313 1
4 2171 1
5 2659 1
2 1211 1
5 3005 1
15 3729 1
0 357 1
11 604 1
0 193 1
13 3159 1
5 2938 1
0 438 1
16 3769 1
6 3087 1
17 306 1
5 2564 1
3 1608 1
8 4257 1
1 918 1
11 96 1
3 1687 1
12 4643 1
11 1091 1
8 4235 1
5 2541 1
8 4156 1
18 2316 1
6 3292 1
0 400 1
6 3089 1
2 1495 1
10 67 1
4 2212 1
6 3387 1
16 1272 1
4 2426 1
3 1935 1
4 2235 1
6 3281 1
1 719 1
4 2400 1
14 1725 1
0 465 1
9 4593 1
11 4595 1
5 2915 1
2 1504 1
17 4298 1
1 677 1
3 1710 1
11 4081 1
8 4423 1
2 1398 1
13 1660 1
5 2847 1
0 143 1
2 1257 1
2 1374 1
6 3438 1
7 3817 1
9 4913 1
4 2211 1
19 3833 1
8 4249 1
7 3706 1
14 203 1
3 1909 1
7 3671 1
11 3080 1
2 1441 1
13 4675 1
9 4715 1
11 1089 1
11 2113 1
12 1131 1
5 2765 1
10 61 1
10 2040 1
7 3593 1
5 2699 1
2 1129 1
7 3599 1
0 447 1
2 1137 1
14 3203 1
10 48 1
9 4635 1
2 1514 1
15 3744 1
5 2553 1
1 888 1
13 4191 1
4 2501 1
16 2274 1
14 4208 1
3 1755 1
6 3419 1
2 1362 1
9 4535 1
10 2569 1
1 698 1
12 2641 1
9 4837 1
6 3223 1
14 1219 1
6 3462 1
15 248 1
11 3570 1
11 2594 1
19 4340 1
19 4348 1
10 2528 1
1 613 1
3 2019 1
8 4181 1
11 4573 1
9 4688 1
1 801 1
11 1603 1
14 1193 1
8 4281 1
13 1670 1
1 550 1
14 4700 1
19 3330 1
11 3583 1
3 1787 1
1 758 1
16 4276 1
11 4596 1
2 1022 1
3 1948 1
11 2078 1
5 2977 1
5 2613 1
7 3918 1
4 2120 1
8 4165 1
13 2681 1
2 1049 1
17 1802 1
4 2048 1
1 547 1
19 2330 1
1 876 1
10 3034 1
5 2923 1
10 1559 1
16 1758 1
19 2336 1
9 4793 1
2 1216 1
0 78 1
9 4632 1
0 194 1
6 3414 1
9 4763 1
8 4175 1
8 4417 1
16 2762 1
11 3598 1
13 1658 1
4 2057 1
11 2089 1
11 597 1
0 290 1
8 4299 1
2 1494 1
6 3262 1
4 2255 1
9 4978 1
4 2474 1
17 3805 1
9 4527 1
18 3326 1
8 4474 1
0 82 1
8 4131 1
1 940 1
2 1436 1
18 2313 1
7 3912 1
5 2876 1
8 4100 1
3 1604 1
14 708 1
5 2681 1
16 3778 1
8 4174 1
14 3718 1
10 527 1
18 814 1
18 2820 1
6 3152 1
10 569 1
11 71 1
11 579 1
5 2827 1
5 2879 1
6 3216 1
4 2388 1
3 1903 1
0 238 1
15 737 1
14 3215 1
18 2325 1
15 2741 1
1 552 1
11 78 1
6 3390 1
10 60 1
11 1580 1
10 2036 1
11 595 1
4 2143 1
11 3580 1
1 948 1
12 3129 1
4 2336 1
13 3692 1
0 361 1
3 1640 1
3 1989 1
5 2939 1
4 2192 1
10 45 1
1 965 1
8 4231 1
8 4480 1
4 2032 1
18 326 1
16 2768 1
7 3551 1
5 2799 1
5 2944 1
6 3460 1
4 2139 1
0 165 1
7 3583 1
16 272 1
17 1289 1
9 4582 1
15 2729 1
19 841 1
4 2065 1
9 5015 1
14 4216 1
4 2058 1
3 1939 1
8 4390 1
10 3051 1
7 3930 1
4 2123 1
16 4756 1
13 4672 1
6 3359 1
11 3589 1
17 3301 1
9 4766 1
18 2321 1
12 143 1
2 1422 1
6 3324 1
11 113 1
15 2230 1
9 4970 1
15 4243 1
16 2766 1
13 3658 1
10 1047 1
15 2747 1
9 4703 1
11 3574 1
9 4595 1
15 1242 1
6 3344 1
11 2572 1
19 1329 1
9 4874 1
5 2671 1
11 1583 1
10 4027 1
7 3691 1
7 3991 1
7 3735 1
14 4721 1
18 1318 1
8 4255 1
11 3590 1
11 2614 1
5 2864 1
8 4076 1
8 4468 1
2 1332 1
2 1454 1
3 2013 1
0 455 1
3 1720 1
5 2786 1
16 3256 1
12 4146 1
14 3196 1
10 4042 1
11 578 1
0 464 1
14 1201 1
17 1287 1
13 4659 1
9 4611 1
0 220 1
12 628 1
14 711 1
10 3029 1
0 414 1
5 2555 1
14 193 1
4 2412 1
1 913 1
15 3226 1
2 1177 1
1 582 1
13 4673 1
11 3596 1
1 919 1
12 3128 1
7 3932 1
10 2543 1
11 2598 1
0 473 1
2 1414 1
3 1631 1
3 1895 1
15 4242 1
1 750 1
19 2342 1
19 3334 1
12 150 1
16 2770 1
6 3141 1
4 2389 1
13 2671 1
10 2043 1
17 4302 1
11 1608 1
9 4524 1
15 2251 1
17 1805 1
6 3392 1
5 2721 1
3 1917 1
2 1147 1
14 1207 1
11 4578 1
3 1744 1
7 3841 1
1 602 1
9 5001 1
7 3899 1
3 1621 1
15 2726 1
7 3762 1
0 246 1
17 3790 1
5 3010 1
4 2431 1
14 1196 1
0 161 1
17 2303 1
10 2531 1
13 2160 1
0 504 1
4 2051 1
2 1370 1
9 4811 1
4 2215 1
6 3437 1
1 706 1
5 2596 1
10 4056 1
13 670 1
16 4279 1
10 1554 1
17 3806 1
9 4931 1
4 2146 1
4 2288 1
4 2072 1
13 667 1
8 4336 1
7 3909 1
4 2059 1
19 3836 1
6 3317 1
11 1599 1
0 70 1
15 237 1
6 3334 1
10 4525 1
10 523 1
12 643 1
7 3777 1
14 4704 1
4 2044 1
2 1269 1
11 588 1
10 2046 1
1 763 1
17 1285 1
14 2704 1
6 3078 1
9 4701 1
3 1866 1
19 4830 1
1 738 1
9 4878 1
10 3539 1
15 1745 1
2 1385 1
10 4035 1
7 3546 1
4 2043 1
9 4556 1
7 3953 1
1 657 1
8 4272 1
16 4765 1
14 3714 1
6 3296 1
2 1426 1
14 2225 1
0 360 1
0 153 1
9 4616 1
0 381 1
4 2439 1
6 3093 1
11 2112 1
4 2479 1
3 1946 1
17 4293 1
15 2733 1
11 2081 1
4 2109 1
14 3719 1
1 704 1
9 4900 1
5 2937 1
3 1541 1
15 1255 1
0 197 1
17 302 1
13 4158 1
0 211 1
7 3533 1
14 2224 1
1 879 1
11 1582 1
7 3925 1
7 3625 1
0 39 1
9 4645 1
12 4128 1
7 3695 1
9 4991 1
3 1740 1
3 1529 1
15 740 1
16 3271 1
12 1137 1
12 3618 1
0 231 1
1 572 1
1 1008 1
16 274 1
1 1016 1
12 2138 1
14 724 1
1 697 1
10 4047 1
3 1723 1
4 2357 1
15 1253 1
17 1295 1
16 2760 1
9 4624 1
16 2772 1
11 73 1
14 2215 1
11 2094 1
10 1063 1
7 3818 1
12 1635 1
15 4729 1
6 3090 1
4 2366 1
16 258 1
8 4268 1
14 3707 1
11 3577 1
13 3678 1
7 3801 1
2 1117 1
13 1174 1
14 720 1
4 2384 1
10 1066 1
17 4784 1
1 830 1
5 2536 1
8 4253 1
1 873 1
16 765 1
3 1927 1
3 1872 1
7 3670 1
10 1024 1
5 2713 1
10 2021 1
11 2581 1
13 1692 1
0 280 1
6 3100 1
7 3620 1
3 1548 1
10 3561 1
3 1539 1
19 844 1
12 4635 1
0 497 1
3 1527 1
15 4737 1
11 2607 1
15 252 1
15 1753 1
6 3247 1
13 692 1
2 1508 1
6 3272 1
13 3666 1
7 3995 1
9 4529 1
0 397 1
8 4201 1
5 2789 1
2 1026 1
12 3153 1
19 837 1
1 622 1
17 793 1
6 3410 1
15 1733 1
4 2390 1
8 4387 1
0 481 1
5 2757 1
7 3604 1
1 583 1
10 4526 1
2 1127 1
10 4536 1
4 2311 1
10 2567 1
3 1801 1
17 2295 1
7 3745 1
0 186 1
14 717 1
5 2828 1
15 3237 1
12 2139 1
8 4273 1
11 3597 1
4 2173 1
3 1831 1
3 1702 1
9 4987 1
14 1709 1
13 4166 1
12 2621 1
5 2649 1
7 4018 1
3 1953 1
1 725 1
0 131 1
4 2229 1
1 903 1
3 1645 1
11 611 1
8 4342 1
6 3040 1
13 1188 1
7 3806 1
4 2097 1
2 1507 1
4 2497 1
5 2956 1
10 4038 1
15 2746 1
5 2592 1
13 175 1
2 1417 1
9 4958 1
0 53 1
4 2042 1
14 217 1
10 1562 1
5 2893 1
2 1172 1
10 1532 1
6 3056 1
4 2060 1
6 3380 1
4 2046 1
5 2895 1
16 767 1
13 185 1
15 2732 1
3 1922 1
17 3293 1
10 2056 1
16 1267 1
15 2754 1
3 1828 1
5 2868 1
0 249 1
11 1097 1
6 3052 1
6 3422 1
3 1981 1
2 1298 1
8 4182 1
19 1337 1
8 4186 1
8 4386 1
1 926 1
9 5002 1
9 4655 1
14 3225 1
10 1022 1
5 2690 1
7 3623 1
0 145 1
12 645 1
18 2320 1
11 576 1
12 137 1
5 2965 1
2 1464 1
5 2657 1
16 3758 1
15 4229 1
16 3270 1
9 4780 1
16 3280 1
5 2914 1
0 427 1
0 162 1
2 1383 1
11 1077 1
17 4283 1
10 1539 1
1 646 1
15 4251 1
13 178 1
6 3402 1
4 2346 1
18 1815 1
5 2899 1
13 4174 1
2 1165 1
7 3633 1
12 4649 1
5 2696 1
19 334 1
12 2650 1
1 625 1
4 2070 1
7 3739 1
4 2469 1
4 2468 1
1 604 1
16 273 1
1 980 1
4 2316 1
19 4829 1
11 3110 1
8 4475 1
8 4437 1
14 222 1
7 3881 1
0 305 1
6 3331 1
8 4407 1
9 4982 1
5 2723 1
7 3722 1
10 1561 1
12 652 1
6 3169 1
9 4602 1
11 3612 1
1 784 1
4 2394 1
8 4039 1
5 2912 1
12 3131 1
12 1617 1
0 132 1
15 1738 1
10 4057 1
0 152 1
0 475 1
17 2785 1
2 1251 1
1 685 1
9 4752 1
14 4693 1
0 330 1
5 2621 1
14 2217 1
1 862 1
4 2269 1
3 1816 1
1 841 1
2 1450 1
18 320 1
7 3946 1
17 3795 1
13 1671 1
9 4968 1
5 2544 1
4 2105 1
2 1416 1
7 3971 1
14 3720 1
12 4116 1
7 3872 1
8 4236 1
5 2679 1
5 2581 1
7 3727 1
7 3785 1
18 3811 1
17 2799 1
0 90 1
3 1739 1
6 3062 1
18 4328 1
8 4240 1
1 630 1
11 3082 1
0 85 1
2 1327 1
16 2781 1
6 3162 1
1 941 1
16 2782 1
12 636 1
11 590 1
1 821 1
0 312 1
1 816 1
11 4089 1
7 3531 1
18 825 1
16 1771 1
7 3541 1
12 3629 1
14 202 1
9 4588 1
0 245 1
7 3741 1
10 3053 1
3 1566 1
6 3034 1
4 2342 1
10 561 1
2 1156 1
9 4697 1
3 1800 1
4 2224 1
1 587 1
14 718 1
19 4344 1
10 535 1
15 3745 1
12 118 1
9 4618 1
1 629 1
9 4608 1
1 893 1
1 648 1
4 2062 1
12 1645 1
15 245 1
13 2175 1
13 180 1
7 3598 1
3 1962 1
12 2647 1
9 4947 1
9 4884 1
5 2807 1
6 3321 1
8 4421 1
7 3758 1
0 28 1
15 250 1
3 1996 1
16 2769 1
0 309 1
3 1700 1
3 1596 1
1 747 1
11 98 1
11 3585 1
3 1526 1
12 1627 1
14 1200 1
13 171 1
11 4592 1
1 720 1
5 2632 1
0 349 1
17 3794 1
6 3098 1
16 762 1
5 2928 1
12 1624 1
14 225 1
3 1585 1
2 1244 1
11 4095 1
0 168 1
7 3647 1
19 4831 1
10 534 1
15 1727 1
12 644 1
4 2505 1
8 4105 1
3 1833 1
11 3111 1
2 1169 1
7 3926 1
11 4100 1
7 3998 1
6 3220 1
11 4094 1
9 4830 1
10 4521 1
9 4988 1
5 3007 1
2 1242 1
7 3700 1
15 3243 1
15 3230 1
1 906 1
7 3804 1
10 3536 1
3 1920 1
10 4054 1
11 2605 1
11 1592 1
15 247 1
2 1386 1
19 4838 1
2 1440 1
13 3656 1
6 3264 1
2 1118 1
14 2220 1
1 759 1
12 3633 1
17 1300 1
12 3135 1
4 2305 1
0 285 1
5 2631 1
10 1044 1
9 4522 1
19 343 1
10 4566 1
11 112 1
1 778 1
19 4330 1
12 2120 1
4 2441 1
11 4077 1
3 1716 1
6 3479 1
13 4181 1
7 3956 1
3 1615 1
11 2102 1
5 2866 1
10 2545 1
6 3435 1
17 1803 1
0 387 1
17 1795 1
0 335 1
2 1162 1
11 2071 1
9 4636 1
7 3895 1
2 1253 1
3 1538 1
14 4715 1
4 2049 1
11 4606 1
10 526 1
11 3099 1
6 3385 1
0 185 1
16 277 1
0 311 1
5 2641 1
2 1275 1
19 3338 1
6 3274 1
7 4012 1
9 4739 1
1 678 1
12 4142 1
9 4659 1
1 597 1
9 4614 1
0 516 1
19 1846 1
3 1581 1
6 3070 1
6 3498 1
10 553 1
3 1994 1
0 66 1
11 2083 1
11 4092 1
0 476 1
14 1195 1
11 570 1
9 4718 1
14 698 1
6 3108 1
4 2354 1
6 3156 1
19 3345 1
4 2467 1
18 3809 1
16 774 1
0 336 1
2 1059 1
13 3668 1
13 3173 1
4 2069 1
9 4550 1
9 4974 1
8 4049 1
3 1635 1
16 4262 1
4 2083 1
19 4839 1
7 3975 1
8 4438 1
3 2002 1
10 49 1
19 2840 1
6 3046 1
9 4865 1
14 2701 1
3 1617 1
13 1170 1
10 4063 1
11 4078 1
17 1783 1
10 3522 1
2 1363 1
5 2534 1
0 508 1
3 1867 1
11 3101 1
15 4736 1
16 2756 1
7 3544 1
5 2557 1
4 2232 1
2 1371 1
2 1306 1
8 4146 1
17 803 1
17 3801 1
14 723 1
0 209 1
8 4250 1
6 3273 1
0 170 1
14 4197 1
16 2262 1
4 2432 1
0 79 1
6 3275 1
2 1273 1
0 491 1
11 1101 1
13 1690 1
6 3494 1
11 1080 1
1 861 1
6 3345 1
4 2178 1
7 3969 1
5 2973 1
12 4631 1
3 1564 1
2 1255 1
14 3706 1
10 2551 1
11 4074 1
6 3172 1
8 4256 1
15 4733 1
9 4717 1
5 2691 1
17 3300 1
11 1591 1
5 2665 1
14 1693 1
14 4212 1
7 3935 1
10 4067 1
11 589 1
4 2147 1
0 64 1
5 2674 1
10 2022 1
15 750 1
9 4824 1
19 333 1
13 159 1
11 103 1
9 4927 1
17 2294 1
12 1638 1
16 3776 1
7 3825 1
7 3831 1
17 804 1
14 4713 1
17 301 1
4 2461 1
13 2159 1
16 2767 1
8 4312 1
5 2854 1
2 1108 1
11 4073 1
6 3516 1
5 2972 1
14 3698 1
18 2324 1
14 1712 1
5 2993 1
16 278 1
4 2397 1
6 3465 1
4 2444 1
3 1568 1
6 3429 1
12 1643 1
17 4300 1
14 3200 1
8 4167 1
7 3870 1
2 1342 1
5 2970 1
15 2244 1
4 2218 1
1 741 1
0 512 1
3 1606 1
8 4042 1
13 2167 1
6 3104 1
15 4250 1
6 3126 1
3 1836 1
14 1209 1
4 2379 1
6 3245 1
7 3611 1
18 317 1
5 2760 1
6 3519 1
19 3839 1
2 1176 1
15 2226 1
11 2593 1
4 2266 1
10 1033 1
8 4178 1
12 123 1
9 4662 1
4 2196 1
13 4684 1
5 2936 1
5 3000 1
10 2031 1
16 3266 1
12 654 1
6 3305 1
14 212 1
12 2631 1
8 4284 1
8 4292 1
4 2348 1
3 1966 1
13 2673 1
3 1618 1
2 1112 1
15 3253 1
7 3538 1
6 3310 1
0 129 1
15 755 1
0 507 1
7 3646 1
0 296 1
11 82 1
9 4983 1
14 3199 1
17 291 1
7 3712 1
1 1001 1
7 3873 1
4 2208 1
13 4656 1
5 2768 1
6 3360 1
3 1724 1
6 3280 1
16 2259 1
1 735 1
5 2826 1
7 3921 1
3 1991 1
6 3236 1
3 1620 1
7 3768 1
7 3850 1
13 2691 1
12 4616 1
0 88 1
2 1428 1
2 1268 1
16 4759 1
5 2842 1
9 4825 1
19 1347 1
6 3371 1
2 1073 1
4 2282 1
1 537 1
0 426 1
4 2386 1
4 2402 1
1 746 1
5 2884 1
6 3137 1
2 1077 1
4 2506 1
13 1674 1
2 1166 1
0 327 1
7 3738 1
8 4275 1
10 3031 1
9 4758 1
10 41 1
2 1168 1
5 2781 1
9 4773 1
8 4246 1
17 4285 1
15 1740 1
6 3113 1
8 4153 1
9 4605 1
10 1531 1
10 69 1
2 1481 1
1 635 1
1 899 1
2 1175 1
13 1166 1
11 1113 1
2 1290 1
4 2331 1
8 4412 1
12 138 1
13 1686 1
2 1320 1
16 2778 1
4 2207 1
8 4260 1
0 384 1
9 4549 1
13 4690 1
3 1837 1
9 5004 1
4 2429 1
15 240 1
10 2555 1
10 1537 1
11 4099 1
12 1136 1
19 3333 1
7 3730 1
6 3312 1
10 3044 1
7 3740 1
9 4894 1
1 671 1
1 588 1
13 3675 1
13 2169 1
8 4447 1
9 4910 1
15 4230 1
3 1985 1
7 3849 1
11 2097 1
1 662 1
8 4252 1
4 2371 1
13 4178 1
5 2684 1
15 735 1
4 2276 1
18 1312 1
1 845 1
8 4348 1
0 365 1
16 264 1
4 2442 1
4 2392 1
4 2079 1
3 1999 1
4 2369 1
4 2287 1
7 3941 1
18 3817 1
13 657 1
16 4259 1
7 3857 1
11 1070 1
4 2112 1
15 238 1
4 2090 1
7 3710 1
7 3719 1
11 3087 1
12 2652 1
11 4082 1
12 4122 1
5 2578 1
1 609 1
11 1602 1
1 953 1
5 2664 1
0 212 1
7 3823 1
17 3285 1
8 4269 1
19 2848 1
12 653 1
9 4594 1
4 2496 1
15 4248 1
4 2091 1
2 1178 1
11 4113 1
13 3688 1
11 2070 1
11 2109 1
13 1657 1
0 308 1
2 1130 1
9 4992 1
3 1869 1
4 2175 1
7 3986 1
3 1796 1
1 973 1
12 1116 1
16 2263 1
5 2615 1
3 1878 1
7 3753 1
3 1997 1
10 4046 1
8 4298 1
2 1256 1
14 204 1
19 2345 1
5 2630 1
14 4709 1
13 685 1
17 787 1
7 3626 1
9 4844 1
9 4567 1
7 3896 1
10 3040 1
8 4432 1
4 2511 1
13 4676 1
19 1331 1
0 289 1
0 262 1
6 3029 1
2 1358 1
14 3195 1
7 3666 1
9 5000 1
14 4225 1
6 3242 1
14 3703 1
15 1752 1
12 3152 1
1 601 1
15 2237 1
1 531 1
5 2966 1
11 1604 1
6 3174 1
5 2843 1
3 1854 1
9 4871 1
3 1639 1
10 3524 1
17 4786 1
15 4742 1
6 3213 1
1 670 1
8 4173 1
16 778 1
14 2221 1
4 2338 1
4 2328 1
0 254 1
0 316 1
3 1559 1
15 3244 1
19 2329 1
13 2163 1
18 3818 1
12 3620 1
2 1497 1
6 3358 1
13 4681 1
4 2055 1
12 134 1
12 141 1
10 64 1
6 3375 1
12 2126 1
12 618 1
3 1772 1
2 1245 1
9 4563 1
16 3258 1
1 935 1
18 3323 1
2 1023 1
15 4247 1
0 411 1
9 4815 1
9 5016 1
7 3983 1
9 4814 1
15 1743 1
5 2841 1
5 2588 1
1 1013 1
8 4383 1
17 3787 1
17 298 1
0 490 1
3 1806 1
19 336 1
2 1340 1
11 3609 1
11 3093 1
3 1780 1
13 4167 1
18 1816 1
6 3406 1
6 3341 1
10 4050 1
13 3192 1
9 4788 1
13 3185 1
7 3910 1
9 5010 1
7 3973 1
14 2214 1
1 994 1
5 2998 1
13 2164 1
16 2275 1
13 2170 1
10 4061 1
14 199 1
5 2735 1
13 4657 1
5 2832 1
0 479 1
14 200 1
15 1251 1
1 761 1
13 3689 1
6 3431 1
4 2198 1
5 2829 1
18 3812 1
19 3347 1
16 4764 1
2 1479 1
12 1646 1
5 2999 1
1 708 1
6 3259 1
15 746 1
18 1326 1
3 1839 1
7 3763 1
17 2803 1
5 2727 1
12 2624 1
10 1056 1
15 1734 1
13 2680 1
8 4113 1
1 645 1
3 1659 1
18 4325 1
5 2927 1
2 1337 1
6 3244 1
9 4885 1
3 1858 1
11 3076 1
7 3731 1
0 189 1
14 1718 1
3 1975 1
1 885 1
8 4413 1
7 3607 1
10 4037 1
8 4061 1
10 3559 1
5 2577 1
3 1754 1
3 1929 1
6 3086 1
4 2130 1
10 3569 1
0 463 1
15 4254 1
1 891 1
15 733 1
0 42 1
6 3053 1
10 1558 1
6 3379 1
15 4743 1
4 2473 1
3 1912 1
10 1061 1
6 3042 1
1 724 1
4 2460 1
5 2558 1
4 2197 1
15 2236 1
0 284 1
7 3618 1
5 2980 1
9 4890 1
9 4784 1
5 2818 1
0 41 1
16 780 1
17 805 1
2 1025 1
3 1668 1
8 4350 1
2 1173 1
18 322 1
6 3284 1
9 4692 1
6 3517 1
6 3061 1
15 1747 1
8 4135 1
12 4135 1
15 754 1
10 2023 1
15 4237 1
0 275 1
19 4346 1
5 2738 1
7 3993 1
18 4812 1
18 2315 1
14 702 1
10 1055 1
2 1197 1
7 3972 1
16 763 1
2 1409 1
14 701 1
10 1025 1
1 687 1
3 1798 1
15 4241 1
8 4133 1
10 1059 1
9 4771 1
1 673 1
7 3868 1
6 3326 1
6 3315 1
14 1700 1
10 3054 1
11 2072 1
7 3683 1
4 2375 1
9 5013 1
4 2183 1
8 4313 1
7 3585 1
7 3659 1
1 640 1
7 3916 1
12 1629 1
4 2405 1
10 3550 1
1 842 1
14 1707 1
7 3562 1
16 262 1
0 207 1
6 3322 1
8 4103 1
5 2874 1
15 1229 1
4 2452 1
14 704 1
0 406 1
8 4367 1
0 125 1
12 3124 1
8 4095 1
4 2482 1
4 2191 1
1 950 1
5 2694 1
10 2530 1
2 1133 1
12 4625 1
6 3166 1
14 216 1
17 4294 1
16 1763 1
4 2349 1
15 4746 1
6 3177 1
13 2156 1
16 3763 1
2 1297 1
9 4897 1
5 2522 1
0 413 1
0 499 1
11 2107 1
5 2569 1
5 2792 1
4 2471 1
6 3175 1
7 4004 1
9 4860 1
3 2010 1
6 3508 1
0 408 1
13 4663 1
10 3533 1
11 114 1
10 59 1
6 3409 1
17 1298 1
2 1262 1
14 4200 1
6 3367 1
1 659 1
14 3224 1
0 60 1
0 398 1
4 2290 1
0 183 1
18 2327 1
18 1826 1
7 3959 1
17 4799 1
2 1437 1
14 4718 1
15 1230 1
13 2658 1
13 186 1
4 2396 1
5 2846 1
5 2582 1
0 43 1
13 2677 1
2 1185 1
11 4586 1
1 600 1
11 3107 1
1 732 1
11 3575 1
6 3229 1
16 2277 1
12 1115 1
9 4965 1
0 184 1
3 1714 1
7 3967 1
16 777 1
10 539 1
10 4030 1
16 1273 1
6 3030 1
2 1300 1
4 2300 1
1 534 1
6 3209 1
1 852 1
1 555 1
9 4829 1
15 3733 1
13 1673 1
5 3004 1
8 4090 1
5 2702 1
9 4863 1
8 4464 1
12 648 1
19 831 1
6 3201 1
3 1664 1
18 314 1
7 3852 1
5 2652 1
18 3310 1
4 2150 1
10 4547 1
2 1509 1
11 80 1
16 4275 1
6 3451 1
5 3016 1
17 3792 1
11 608 1
5 2849 1
9 4663 1
19 3832 1
2 1473 1
5 2589 1
8 4149 1
10 2048 1
6 3448 1
15 3242 1
8 4216 1
16 2273 1
15 2751 1
13 4157 1
15 253 1
14 725 1
5 2742 1
9 4586 1
4 2200 1
17 3284 1
7 3687 1
10 1527 1
10 564 1
7 3636 1
18 1323 1
1 1004 1
4 2312 1
14 2718 1
0 267 1
4 2075 1
16 1268 1
8 4097 1
0 333 1
5 3008 1
14 2717 1
11 2603 1
11 2111 1
5 2992 1
2 1213 1
12 649 1
9 4783 1
19 2347 1
10 550 1
11 102 1
11 4093 1
10 2050 1
5 2548 1
1 877 1
11 92 1
6 3314 1
10 4064 1
0 277 1
9 4740 1
15 4245 1
5 2711 1
16 267 1
2 1193 1
2 1043 1
1 964 1
17 2286 1
17 1306 1
12 1120 1
2 1369 1
6 3158 1
0 84 1
11 4582 1
18 2824 1
10 568 1
7 3963 1
15 2238 1
6 3441 1
18 2808 1
7 3737 1
8 4364 1
4 2161 1
15 3250 1
10 1522 1
7 3751 1
8 4414 1
1 666 1
3 1656 1
13 4162 1
6 3499 1
2 1271 1
19 1832 1
19 1844 1
7 3764 1
14 699 1
13 672 1
0 29 1
11 1613 1
13 4660 1
18 1814 1
9 4952 1
0 474 1
4 2063 1
1 727 1
4 2176 1
1 710 1
2 1055 1
4 2308 1
8 4337 1
13 2177 1
13 3660 1
6 3051 1
7 3577 1
11 598 1
5 2948 1
19 1343 1
5 2717 1
4 2152 1
16 4261 1
10 4531 1
6 3472 1
3 1549 1
12 3118 1
15 1254 1
1 649 1
4 2356 1
2 1288 1
19 2344 1
4 2144 1
3 1949 1
2 1260 1
7 3838 1
6 3366 1
7 3791 1
7 3699 1
14 2708 1
3 1928 1
1 561 1
5 2682 1
0 258 1
12 4154 1
14 194 1
2 1427 1
14 2206 1
1 846 1
7 3848 1
4 2470 1
11 1079 1
3 1766 1
8 4415 1
19 3835 1
4 2353 1
5 2525 1
13 2692 1
12 140 1
15 2745 1
5 2890 1
9 4730 1
7 3709 1
9 4728 1
13 2668 1
13 1161 1
9 4950 1
10 2550 1
6 3112 1
8 4510 1
10 3042 1
15 226 1
15 4755 1
8 4233 1
5 2587 1
7 3884 1
3 1871 1
2 1217 1
6 3354 1
19 1339 1
6 3433 1
16 3273 1
5 2889 1
1 683 1
9 4823 1
4 2285 1
4 2494 1
3 1735 1
15 2232 1
12 4138 1
0 135 1
6 3283 1
3 1817 1
6 3339 1
6 3396 1
1 927 1
1 538 1
1 585 1
13 3181 1
15 4732 1
12 4153 1
0 213 1
13 679 1
12 2654 1
8 4033 1
12 2131 1
5 2905 1
9 4843 1
6 3082 1
0 282 1
17 2305 1
12 2625 1
0 487 1
11 1590 1
0 368 1
13 2679 1
9 4876 1
14 4213 1
14 2720 1
12 4653 1
5 2822 1
14 4712 1
6 3350 1
4 2483 1
10 4548 1
6 3333 1
9 4973 1
13 4177 1
16 4270 1
1 660 1
12 115 1
10 4546 1
12 3126 1
17 2291 1
9 4736 1
11 4105 1
1 665 1
10 4550 1
17 1801 1
12 132 1
8 4392 1
3 1552 1
7 3911 1
16 2272 1
14 223 1
2 1214 1
6 3471 1
11 1586 1
4 2361 1
12 1130 1
10 2561 1
0 236 1
5 2942 1
13 1156 1
9 4891 1
0 35 1
10 3530 1
14 2210 1
3 1725 1
11 1579 1
7 3526 1
15 231 1
13 1672 1
4 2172 1
9 4543 1
11 3091 1
9 4734 1
1 590 1
16 281 1
15 3726 1
15 731 1
5 2908 1
2 1233 1
2 1390 1
14 3701 1
2 1466 1
5 2934 1
7 3955 1
18 3821 1
4 2243 1
2 1223 1
4 2510 1
6 3163 1
7 4007 1
7 3558 1
8 4505 1
1 667 1
5 2806 1
2 1037 1
4 2303 1
10 4567 1
6 3147 1
7 3713 1
14 715 1
15 1739 1
7 3661 1
1 533 1
4 2373 1
1 776 1
7 3707 1
6 3039 1
7 3543 1
9 4858 1
3 1958 1
0 380 1
0 188 1
0 456 1
4 2398 1
15 1243 1
4 2367 1
17 1293 1
7 3980 1
10 1526 1
3 2008 1
15 4741 1
2 1204 1
13 163 1
11 613 1
8 4026 1
12 4125 1
7 3716 1
0 24 1
3 1560 1
5 2549 1
3 1906 1
2 1101 1
13 2665 1
9 5014 1
11 2087 1
4 2025 1
5 2863 1
3 1916 1
2 1379 1
13 1687 1
3 1848 1
5 2645 1
2 1485 1
8 4068 1
4 2148 1
2 1195 1
12 3634 1
8 4304 1
17 4789 1
16 1779 1
9 4654 1
3 1795 1
4 2404 1
3 1736 1
5 2997 1
10 46 1
17 285 1
19 1332 1
14 710 1
12 4129 1
16 3772 1
19 2837 1
15 246 1
15 2252 1
7 3947 1
8 4301 1
13 1179 1
4 2291 1
4 2418 1
4 2462 1
19 2348 1
7 3929 1
4 2476 1
2 1227 1
8 4518 1
8 4052 1
2 1400 1
10 24 1
12 3140 1
11 4587 1
10 33 1
15 1232 1
11 1071 1
7 3564 1
4 2249 1
1 768 1
8 4311 1
7 3813 1
19 4832 1
1 799 1
9 4746 1
15 4735 1
15 2727 1
15 4728 1
2 1361 1
5 2725 1
3 1979 1
6 3171 1
7 3788 1
12 1147 1
11 3095 1
17 287 1
8 4306 1
11 3584 1
9 4765 1
1 656 1
11 3085 1
4 2085 1
12 1628 1
5 2909 1
8 4187 1
1 689 1
12 2125 1
9 4899 1
11 3573 1
12 3144 1
3 1619 1
2 1418 1
4 2056 1
4 2490 1
17 3305 1
4 2073 1
12 4636 1
8 4047 1
5 2904 1
12 3116 1
16 3771 1
13 174 1
6 3253 1
10 35 1
11 106 1
2 1444 1
11 1612 1
9 4570 1
17 802 1
12 3121 1
0 224 1
8 4205 1
6 3254 1
0 435 1
12 1632 1
0 46 1
2 1158 1
16 3282 1
13 3178 1
8 4241 1
14 4711 1
0 324 1
7 3987 1
12 3139 1
2 1188 1
1 881 1
5 2529 1
6 3118 1
9 4733 1
6 3094 1
13 669 1
8 4065 1
9 4657 1
0 485 1
7 3815 1
19 1836 1
7 3615 1
19 4339 1
1 809 1
1 578 1
12 3631 1
2 1471 1
10 66 1
8 4040 1
11 2587 1
2 1360 1
16 4781 1
7 3827 1
18 3328 1
0 471 1
4 2092 1
11 3071 1
16 4273 1
6 3134 1
5 2692 1
10 1560 1
2 1511 1
17 1796 1
11 4598 1
10 3038 1
10 1062 1
5 2964 1
3 1976 1
7 3679 1
15 1746 1
3 1689 1
12 2146 1
10 4021 1
1 679 1
16 2779 1
15 1754 1
3 1743 1
14 2716 1
0 87 1
15 2240 1
0 468 1
17 3802 1
10 4026 1
8 4125 1
1 581 1
6 3325 1
8 4362 1
8 4400 1
3 1719 1
1 922 1
1 520 1
6 3187 1
5 2568 1
13 3680 1
2 1113 1
13 3667 1
17 2790 1
1 594 1
4 2082 1
8 4349 1
7 3650 1
11 606 1
6 3069 1
3 1611 1
5 2804 1
9 4949 1
6 3202 1
1 688 1
4 2024 1
13 3691 1
17 292 1
16 1279 1
9 4938 1
0 54 1
14 2199 1
9 4705 1
5 2609 1
19 3846 1
2 1150 1
10 1543 1
4 2190 1
19 2830 1
4 2363 1
16 257 1
3 1893 1
4 2289 1
5 2616 1
8 4159 1
15 233 1
9 4760 1
7 3591 1
6 3420 1
7 3820 1
7 3563 1
18 1307 1
10 3059 1
0 136 1
8 4140 1
0 297 1
10 3566 1
14 3197 1
4 2110 1
9 4959 1
4 2137 1
8 4210 1
5 2901 1
11 4571 1
5 2963 1
9 4786 1
7 3920 1
11 83 1
14 3221 1
1 819 1
12 3654 1
11 104 1
9 4785 1
7 3705 1
2 1143 1
1 607 1
14 1217 1
0 393 1
9 4934 1
7 3966 1
2 1319 1
10 4060 1
4 2499 1
12 136 1
2 1200 1
0 248 1
3 1851 1
3 1655 1
10 1549 1
1 777 1
12 2620 1
16 4269 1
17 4788 1
0 301 1
18 2818 1
10 2527 1
11 2601 1
8 4081 1
1 1007 1
16 2780 1
9 4940 1
12 4619 1
9 4569 1
13 1184 1
7 3711 1
1 992 1
0 457 1
4 2428 1
4 2029 1
7 3664 1
7 3595 1
5 2886 1
12 2616 1
15 734 1
1 558 1
15 2752 1
3 1574 1
0 173 1
7 3605 1
19 3843 1
12 3647 1
2 1238 1
11 3613 1
14 2216 1
14 4199 1
12 135 1
15 4232 1
5 2533 1
9 4789 1
9 4919 1
6 3320 1
10 2537 1
8 4467 1
2 1483 1
0 452 1
16 2268 1
18 2813 1
14 4717 1
12 3644 1
8 4194 1
0 108 1
2 1065 1
8 4452 1
2 1413 1
8 4120 1
10 555 1
6 3211 1
14 211 1
9 4796 1
10 4565 1
9 4969 1
8 4416 1
2 1119 1
1 556 1
19 2846 1
9 4700 1
13 181 1
10 525 1
0 306 1
15 241 1
10 2536 1
6 3243 1
17 796 1
1 911 1
9 4962 1
8 4035 1
2 1265 1
2 1109 1
8 4442 1
5 2658 1
8 4384 1
19 2333 1
11 3078 1
17 2288 1
0 313 1
10 4555 1
16 1270 1
7 3784 1
7 3944 1
0 362 1
2 1234 1
14 1204 1
14 2200 1
10 544 1
19 341 1
0 199 1
2 1230 1
9 4716 1
10 2028 1
5 2813 1
7 3781 1
7 3968 1
18 2328 1
3 1684 1
15 3748 1
9 4816 1
11 3103 1
2 1091 1
11 4085 1
18 1827 1
5 2654 1
8 4034 1
7 3682 1
7 3954 1
5 2945 1
5 2687 1
10 56 1
11 3579 1
15 728 1
3 1543 1
6 3249 1
3 1846 1
3 2012 1
9 4846 1
3 1737 1
5 2614 1
11 2108 1
8 4494 1
0 255 1
19 2841 1
13 1169 1
14 3216 1
3 1803 1
8 4368 1
19 2829 1
15 2247 1
11 1106 1
8 4078 1
4 2114 1
3 1863 1
14 2202 1
12 639 1
7 3810 1
3 1954 1
5 2754 1
6 3212 1
12 635 1
4 2383 1
1 743 1
14 3709 1
8 4070 1
14 224 1
16 270 1
4 2052 1
10 2029 1
0 513 1
13 1662 1
10 1555 1
4 2411 1
11 107 1
9 4617 1
9 4609 1
9 4998 1
2 1294 1
19 4847 1
12 3115 1
10 3523 1
7 3669 1
4 2458 1
2 1331 1
5 2771 1
2 1100 1
9 4918 1
3 1883 1
11 592 1
8 4439 1
14 4699 1
2 1135 1
18 323 1
6 3238 1
18 2323 1
11 2073 1
0 50 1
3 1874 1
18 2308 1
8 4515 1
4 2457 1
2 1357 1
11 607 1
14 3219 1
18 307 1
17 290 1
7 3938 1
19 3346 1
16 4767 1
10 3548 1
9 4757 1
16 4778 1
7 3521 1
16 2773 1
5 2869 1
14 1199 1
6 3068 1
12 4151 1
2 1480 1
0 139 1
15 1234 1
14 2213 1
3 1678 1
6 3180 1
1 863 1
10 22 1
11 4103 1
7 3846 1
7 3839 1
3 1868 1
4 2283 1
0 331 1
1 963 1
8 4053 1
1 574 1
10 2529 1
13 2166 1
19 2839 1
9 4887 1
11 100 1
13 4182 1
3 1875 1
12 2118 1
10 3025 1
16 764 1
1 872 1
13 3169 1
17 4291 1
8 4459 1
10 3565 1
4 2074 1
12 122 1
9 4756 1
5 2617 1
6 3131 1
8 4101 1
8 4457 1
8 4320 1
2 1375 1
9 4544 1
11 2090 1
6 3411 1
4 2149 1
13 4159 1
4 2034 1
6 3260 1
8 4144 1
0 181 1
0 149 1
0 294 1
8 4406 1
7 3901 1
7 3996 1
2 1282 1
14 198 1
6 3487 1
17 4801 1
6 3332 1
16 779 1
17 304 1
3 1811 1
3 1847 1
3 1789 1
14 1703 1
2 1470 1
9 4932 1
13 188 1
8 4287 1
11 4581 1
5 2741 1
3 1534 1
17 2285 1
7 3590 1
3 1699 1
11 1594 1
9 4898 1
16 1260 1
19 2346 1
9 4668 1
3 1661 1
5 2758 1
8 4266 1
15 2241 1
3 1952 1
12 2632 1
0 329 1
15 3229 1
8 4069 1
1 756 1
3 1587 1
19 335 1
5 2931 1
3 1941 1
5 2959 1
2 1181 1
12 1650 1
18 2822 1
18 4811 1
2 1352 1
12 2116 1
13 4184 1
7 3897 1
10 3540 1
13 1167 1
9 4634 1
13 660 1
19 3834 1
17 800 1
12 145 1
7 4001 1
4 2116 1
9 4649 1
3 1629 1
11 573 1
17 2800 1
2 1291 1
5 3009 1
6 3263 1
15 4240 1
8 4111 1
5 2759 1
10 2030 1
8 4083 1
19 4342 1
9 4748 1
12 1642 1
3 1650 1
18 1314 1
7 3948 1
0 514 1
16 3764 1
9 4724 1
14 1722 1
9 4957 1
4 2246 1
18 3825 1
0 403 1
0 219 1
9 4742 1
14 706 1
6 3176 1
6 3505 1
13 2689 1
4 2225 1
1 639 1
15 242 1
2 1090 1
9 4888 1
0 217 1
6 3096 1
4 2329 1
6 3234 1
1 1012 1
12 1142 1
9 4866 1
14 694 1
0 244 1
13 681 1
2 1448 1
1 532 1
1 974 1
3 1726 1
4 2179 1
10 521 1
8 4168 1
14 3214 1
6 3347 1
1 1003 1
9 4560 1
4 2310 1
9 4776 1
7 3643 1
4 2111 1
12 2140 1
15 3245 1
11 574 1
2 1050 1
1 770 1
4 2272 1
11 3106 1
17 2793 1
7 4008 1
7 3596 1
8 4037 1
12 2637 1
2 1064 1
1 939 1
6 3464 1
10 1037 1
17 4284 1
10 1547 1
4 2041 1
1 686 1
17 3289 1
12 622 1
7 3528 1
7 3862 1
13 166 1
18 1823 1
12 3617 1
9 4875 1
10 3549 1
13 2683 1
15 244 1
2 1355 1
2 1029 1
7 3522 1
11 4098 1
6 3370 1
0 483 1
9 4630 1
9 4854 1
13 4165 1
12 2645 1
16 782 1
3 1850 1
4 2488 1
1 669 1
2 1403 1
8 4428 1
9 4666 1
17 4297 1
9 4553 1
0 247 1
15 1241 1
5 2853 1
10 3541 1
7 3559 1
5 2940 1
6 3054 1
11 2096 1
8 4054 1
1 703 1
16 3269 1
18 4814 1
4 2279 1
7 3908 1
14 1713 1
4 2023 1
7 3717 1
6 3397 1
3 1544 1
8 4247 1
12 3138 1
3 1680 1
10 4029 1
18 4816 1
15 3727 1
17 2302 1
9 5019 1
14 2207 1
3 1745 1
13 671 1
16 1257 1
5 2685 1
17 2804 1
11 4096 1
1 726 1
15 3248 1
17 783 1
8 4492 1
1 661 1
9 4782 1
1 634 1
0 488 1
0 62 1
3 1822 1
9 4818 1
17 300 1
10 3048 1
15 3743 1
14 3204 1
3 1649 1
6 3072 1
2 1259 1
14 2712 1
7 3602 1
8 4370 1
19 1336 1
6 3439 1
4 2414 1
9 4612 1
11 2611 1
10 4558 1
4 2118 1
6 3400 1
9 4533 1
9 4902 1
8 4394 1
10 2544 1
0 252 1
15 2250 1
17 1789 1
2 1241 1
4 2326 1
15 751 1
15 747 1
0 20 1
7 3535 1
1 961 1
9 4881 1
8 4261 1
1 705 1
16 2777 1
12 642 1
19 2836 1
8 4357 1
10 36 1
9 4674 1
13 1187 1
14 2196 1
5 2562 1
13 1680 1
13 1677 1
16 1759 1
7 3684 1
9 5005 1
7 3689 1
17 1291 1
11 87 1
6 3430 1
13 3686 1
5 2610 1
17 1792 1
6 3261 1
1 782 1
12 2115 1
5 2670 1
17 3796 1
19 1829 1
4 2345 1
17 3791 1
1 848 1
13 2168 1
12 616 1
17 1288 1
14 4720 1
4 2515 1
10 2026 1
7 3939 1
8 4486 1
10 1552 1
2 1346 1
0 77 1
8 4030 1
6 3047 1
6 3496 1
8 4222 1
0 332 1
8 4345 1
4 2202 1
6 3377 1
4 2292 1
19 3844 1
9 4826 1
5 2861 1
8 4127 1
13 3158 1
12 1121 1
4 2281 1
8 4254 1
14 1203 1
15 2227 1
13 3180 1
11 4570 1
16 2757 1
2 1424 1
1 890 1
15 1233 1
9 4689 1
8 4508 1
12 3119 1
18 4309 1
3 1857 1
8 4080 1
6 3405 1
9 4880 1
7 3759 1
11 1609 1
4 2449 1
14 2209 1
10 2062 1
19 3830 1
3 1582 1
2 1516 1
5 2958 1
16 2279 1
8 4422 1
9 4528 1
1 627 1
19 2838 1
5 2559 1
3 1522 1
0 394 1
0 453 1
2 1328 1
18 4810 1
10 1069 1
3 1642 1
13 1689 1
12 4648 1
10 1545 1
2 1289 1
12 2153 1
1 551 1
1 563 1
15 1245 1
6 3129 1
17 2794 1
12 129 1
10 4520 1
7 3924 1
13 1667 1
5 2686 1
8 4136 1
2 1463 1
10 3534 1
4 2491 1
9 4832 1
15 4731 1
10 4541 1
3 1852 1
6 3173 1
12 1626 1
18 4311 1
11 2579 1
18 319 1
19 843 1
0 359 1
5 2776 1
19 1841 1
8 4170 1
6 3224 1
5 2801 1
7 3549 1
1 765 1
13 2662 1
9 5008 1
10 1031 1
15 232 1
9 4942 1
7 3782 1
12 4629 1
14 714 1
15 1252 1
0 123 1
7 3958 1
8 4418 1
11 1074 1
9 4597 1
19 347 1
15 3752 1
9 4633 1
7 3555 1
15 4252 1
18 3316 1
12 2147 1
2 1229 1
14 4206 1
19 833 1
16 2278 1
7 3653 1
3 1761 1
2 1341 1
12 3642 1
16 2764 1
6 3055 1
5 2835 1
12 152 1
2 1382 1
14 2707 1
7 3617 1
6 3233 1
11 4600 1
5 2728 1
9 4536 1
4 2327 1
7 3561 1
0 430 1
9 4775 1
0 354 1
17 3295 1
17 4802 1
19 3343 1
2 1041 1
11 4608 1
4 2271 1
12 2648 1
5 2531 1
12 633 1
7 3542 1
2 1350 1
8 4382 1
2 1237 1
0 140 1
6 3258 1
7 3567 1
11 1614 1
3 1825 1
6 3308 1
6 3457 1
13 2158 1
13 683 1
8 4151 1
10 2041 1
6 3376 1
3 1589 1
5 2845 1
1 938 1
2 1222 1
3 1663 1
10 58 1
6 3488 1
8 4164 1
5 2872 1
7 3750 1
11 584 1
18 4821 1
0 495 1
12 3143 1
1 621 1
16 3768 1
19 2343 1
8 4511 1
0 114 1
12 2117 1
13 1163 1
11 72 1
4 2382 1
7 3640 1
11 4584 1
11 3586 1
6 3057 1
6 3075 1
16 2265 1
11 3582 1
10 3033 1
11 2085 1
10 68 1
13 1186 1
6 3196 1
8 4300 1
8 4267 1
1 675 1
3 1556 1
5 2856 1
16 1274 1
3 1683 1
15 3232 1
16 4775 1
7 3757 1
8 4096 1
16 770 1
2 1489 1
11 1572 1
12 2636 1
11 1102 1
6 3135 1
16 4265 1
17 2791 1
14 4204 1
0 484 1
16 1264 1
10 3069 1
14 2698 1
6 3474 1
10 4544 1
10 567 1
10 536 1
12 638 1
9 4627 1
2 1453 1
5 2930 1
1 650 1
3 1741 1
2 1519 1
2 1087 1
9 4523 1
1 889 1
10 2559 1
13 3191 1
10 53 1
13 2161 1
5 2990 1
3 1647 1
5 2634 1
17 3799 1
13 157 1
6 3303 1
12 3645 1
14 1214 1
0 102 1
0 304 1
6 3268 1
5 2816 1
14 2203 1
15 4752 1
6 3500 1
4 2332 1
12 125 1
5 2802 1
3 1762 1
8 4048 1
9 4621 1
4 2244 1
10 1035 1
2 1039 1
4 2217 1
12 3137 1
5 2675 1
5 2704 1
7 3547 1
10 2534 1
4 2456 1
9 4568 1
8 4180 1
7 3793 1
12 3621 1
1 793 1
4 2385 1
4 2351 1
8 4512 1
12 1641 1
17 4797 1
4 2438 1
16 2261 1
17 1787 1
13 3174 1
0 302 1
11 2074 1
13 2192 1
1 824 1
4 2307 1
15 1235 1
8 4454 1
3 1637 1
7 3527 1
0 423 1
12 2623 1
0 303 1
14 1224 1
3 1936 1
8 4145 1
4 2420 1
4 2117 1
9 4921 1
12 3625 1
9 4857 1
5 2748 1
2 1401 1
16 4763 1
10 3529 1
7 3952 1
1 781 1
12 3652 1
9 4995 1
11 94 1
5 2660 1
18 810 1
6 3050 1
8 4245 1
6 3468 1
15 230 1
11 603 1
12 4126 1
3 1898 1
7 3688 1
14 3207 1
10 3049 1
8 4441 1
5 2850 1
3 1983 1
6 3297 1
5 2747 1
2 1110 1
9 4721 1
14 214 1
7 3680 1
2 1500 1
11 1083 1
5 2524 1
5 3013 1
6 3205 1
4 2407 1
18 1319 1
12 1652 1
1 543 1
5 2821 1
9 4944 1
0 422 1
8 4488 1
11 1607 1
8 4036 1
11 586 1
10 558 1
7 3660 1
9 5007 1
14 1197 1
2 1433 1
4 2242 1
10 4032 1
3 1980 1
6 3330 1
19 2847 1
0 346 1
10 2053 1
0 502 1
18 4315 1
4 2256 1
4 2101 1
5 2718 1
3 1910 1
15 3738 1
2 1146 1
0 65 1
15 1729 1
1 797 1
4 2204 1
0 412 1
2 1278 1
10 1556 1
3 1915 1
6 3239 1
13 1675 1
4 2493 1
10 2539 1
19 840 1
6 3302 1
12 4647 1
9 4601 1
13 3190 1
16 1773 1
1 525 1
10 3043 1
17 3803 1
18 2819 1
2 1425 1
4 2377 1
11 111 1
14 1220 1
5 2910 1
7 3876 1
18 826 1
19 3342 1
4 2343 1
0 150 1
14 1716 1
17 3306 1
9 4682 1
4 2258 1
11 3114 1
7 3589 1
17 4790 1
9 4904 1
3 1593 1
10 3060 1
2 1333 1
19 1833 1
2 1032 1
3 1731 1
8 4324 1
18 3309 1
15 1237 1
10 3068 1
6 3121 1
17 4794 1
15 2243 1
10 1524 1
1 603 1
4 2268 1
2 1208 1
7 3898 1
8 4410 1
1 521 1
16 4268 1
14 4224 1
10 551 1
0 241 1
7 3843 1
0 119 1
4 2222 1
9 4695 1
9 4767 1
5 2823 1
3 1520 1
7 4011 1
3 1709 1
18 4825 1
6 3132 1
4 2453 1
14 4202 1
6 3491 1
12 3123 1
16 4766 1
5 2599 1
0 416 1
10 4538 1
6 3103 1
0 151 1
4 2277 1
7 3702 1
18 4318 1
2 1325 1
3 1528 1
2 1407 1
11 4087 1
14 2719 1
6 3518 1
9 4977 1
7 3859 1
2 1276 1
15 1250 1
4 2393 1
4 2463 1
10 3527 1
9 4677 1
15 3251 1
11 4611 1
0 419 1
1 527 1
7 3960 1
4 2318 1
6 3475 1
15 3754 1
16 2281 1
2 1376 1
2 1221 1
2 1123 1
6 3027 1
10 524 1
11 3591 1
14 3217 1
8 4185 1
18 3808 1
8 4086 1
5 2530 1
2 1034 1
9 4596 1
4 2250 1
15 2737 1
3 1609 1
13 1678 1
9 4928 1
13 2172 1
19 3331 1
15 4234 1
13 168 1
1 569 1
2 1435 1
9 4712 1
2 1045 1
8 4274 1
14 709 1
6 3469 1
15 1239 1
13 688 1
2 1391 1
12 2629 1
8 4470 1
5 2560 1
18 4313 1
2 1157 1
18 3807 1
11 1098 1
13 2190 1
5 2782 1
13 4669 1
10 4530 1
13 2664 1
10 2564 1
15 4233 1
5 2891 1
13 1682 1
9 4681 1
2 1079 1
12 2128 1
13 4169 1
9 4520 1
11 3074 1
15 4228 1
4 2309 1
0 48 1
0 83 1
7 3678 1
0 130 1
8 4507 1
7 3835 1
4 2376 1
15 753 1
4 2417 1
2 1486 1
6 3125 1
6 3140 1
8 4190 1
8 4189 1
12 1637 1
12 4644 1
5 2896 1
8 4228 1
0 89 1
8 4347 1
10 3563 1
10 565 1
13 2685 1
8 4315 1
1 566 1
5 2764 1
2 1321 1
12 3146 1
1 814 1
5 2556 1
10 1032 1
2 1148 1
7 3726 1
8 4514 1
16 3759 1
3 2001 1
5 2994 1
14 4207 1
8 4128 1
13 1171 1
0 460 1
12 625 1
0 458 1
14 2703 1
0 401 1
10 3061 1
1 894 1
0 201 1
18 309 1
1 691 1
12 3127 1
9 4623 1
2 1472 1
12 1639 1
14 693 1
1 825 1
10 3551 1
13 4172 1
13 4190 1
5 2897 1
13 2659 1
9 4955 1
11 1611 1
10 1536 1
6 3151 1
10 1060 1
6 3080 1
5 2731 1
17 4299 1
8 4166 1
12 650 1
4 2086 1
3 1821 1
4 2322 1
2 1503 1
10 1064 1
16 4277 1
6 3416 1
2 1402 1
4 2106 1
7 3775 1
7 3553 1
1 996 1
13 162 1
15 1248 1
6 3252 1
2 1248 1
16 3272 1
1 998 1
1 858 1
2 1502 1
5 2766 1
7 3795 1
14 721 1
7 3732 1
9 4872 1
4 2238 1
2 1493 1
2 1054 1
2 1338 1
3 1768 1
4 2270 1
7 3675 1
10 1525 1
10 4537 1
7 3982 1
0 323 1
5 2991 1
3 1695 1
8 4058 1
18 4316 1
4 2128 1
7 3579 1
14 207 1
12 4132 1
11 614 1
14 1698 1
18 3814 1
2 1281 1
2 1488 1
11 3109 1
19 3829 1
5 2852 1
4 2517 1
8 4045 1
5 2642 1
1 828 1
8 4139 1
3 1970 1
0 33 1
18 2807 1
2 1180 1
13 4170 1
6 3032 1
2 1296 1
5 2715 1
0 299 1
13 3183 1
5 2542 1
14 220 1
7 3903 1
7 3875 1
13 3160 1
17 3287 1
1 682 1
17 1290 1
2 1072 1
3 1708 1
11 1075 1
14 4698 1
2 1116 1
11 575 1
5 3002 1
1 827 1
4 2280 1
0 177 1
3 1732 1
5 2547 1
17 2802 1
0 228 1
18 1309 1
5 2576 1
1 986 1
2 1394 1
5 2946 1
0 34 1
19 345 1
2 1389 1
4 2302 1
16 4757 1
7 3893 1
7 3648 1
2 1196 1
6 3352 1
6 3300 1
11 2114 1
12 1138 1
2 1317 1
5 2814 1
5 2988 1
4 2464 1
2 1020 1
6 3178 1
9 4737 1
5 2875 1
15 3732 1
8 4025 1
3 1940 1
6 3501 1
7 3554 1
11 1082 1
11 1081 1
9 4762 1
16 3278 1
3 1924 1
7 3584 1
1 1017 1
17 1806 1
9 4882 1
3 1633 1
2 1153 1
1 643 1
18 3824 1
11 610 1
8 4258 1
17 2301 1
2 1469 1
0 341 1
11 4574 1
11 600 1
6 3368 1
0 404 1
1 570 1
9 4571 1
12 2646 1
12 3619 1
15 752 1
4 2374 1
4 2231 1
10 522 1
7 3628 1
9 4670 1
0 32 1
2 1027 1
3 1950 1
0 263 1
18 2312 1
1 898 1
4 2163 1
12 2151 1
6 3074 1
2 1038 1
12 144 1
3 1841 1
4 2234 1
19 1834 1
2 1366 1
3 1829 1
9 4908 1
10 20 1
16 2264 1
11 2602 1
11 3611 1
10 549 1
7 3644 1
10 543 1
11 1085 1
2 1295 1
2 1134 1
13 3171 1
4 2324 1
19 1334 1
1 904 1
15 2228 1
2 1303 1
17 1299 1
4 2167 1
11 3105 1
8 4059 1
5 2629 1
2 1128 1
16 3265 1
2 1121 1
4 2201 1
3 1937 1
5 2790 1
5 2716 1
16 2266 1
13 4179 1
5 2805 1
13 2181 1
4 2440 1
13 4665 1
10 1054 1
6 3217 1
17 3292 1
15 2242 1
8 4066 1
16 1761 1
8 4319 1
18 4824 1
10 2052 1
5 2676 1
17 1794 1
15 741 1
11 4612 1
9 4639 1
13 156 1
3 1551 1
7 3532 1
0 215 1
18 2318 1
3 1694 1
11 2580 1
1 663 1
17 2300 1
1 857 1
17 2290 1
2 1053 1
11 1100 1
10 4524 1
15 3749 1
13 2179 1
5 2612 1
17 3304 1
3 1901 1
12 3616 1
3 1692 1
8 4379 1
13 2674 1
7 3851 1
7 3856 1
11 3070 1
12 3623 1
0 315 1
5 2667 1
6 3138 1
15 4748 1
0 517 1
4 2502 1
3 1972 1
5 2751 1
0 492 1
18 1324 1
18 4323 1
11 2574 1
19 2338 1
13 3690 1
3 1961 1
14 1221 1
8 4318 1
2 1335 1
11 4083 1
9 4714 1
13 1181 1
12 1622 1
6 3066 1
3 1677 1
11 2076 1
0 287 1
10 1544 1
5 2769 1
18 4809 1
1 975 1
17 294 1
0 472 1
1 753 1
6 3235 1
2 1096 1
4 2160 1
2 1323 1
14 3693 1
1 791 1
10 3027 1
3 1634 1
11 1112 1
2 1210 1
1 792 1
10 4552 1
2 1392 1
12 1616 1
4 2415 1
9 4678 1
14 1706 1
11 3599 1
18 4815 1
18 315 1
10 63 1
10 47 1
6 3083 1
2 1467 1
14 2223 1
7 3574 1
7 3902 1
10 4564 1
1 767 1
12 3136 1
7 3594 1
12 4626 1
18 1828 1
12 4615 1
4 2359 1
4 2423 1
4 2406 1
18 328 1
9 4828 1
9 4870 1
4 2195 1
11 4583 1
16 263 1
18 1818 1
12 4651 1
2 1406 1
15 3233 1
10 546 1
2 1189 1
9 4642 1
0 320 1
19 1346 1
15 2233 1
2 1042 1
13 1192 1
6 3106 1
10 2547 1
8 4137 1
2 1513 1
9 4581 1
10 21 1
2 1058 1
1 836 1
13 2184 1
2 1284 1
16 1765 1
14 4215 1
10 3562 1
11 1571 1
3 1610 1
3 1624 1
1 715 1
4 2391 1
9 4798 1
3 1947 1
9 4822 1
13 676 1
17 1798 1
3 1707 1
5 2775 1
4 2122 1
17 303 1
3 1638 1
12 4638 1
4 2519 1
11 4107 1
11 105 1
19 842 1
6 3286 1
17 1793 1
2 1219 1
17 2801 1
2 1066 1
4 2157 1
0 172 1
1 568 1
3 1565 1
19 2331 1
5 2817 1
5 2695 1
8 4283 1
2 1183 1
18 4308 1
1 701 1
16 4777 1
15 745 1
7 3949 1
10 562 1
4 2185 1
8 4403 1
12 620 1
11 2092 1
5 2637 1
9 4706 1
3 1672 1
0 221 1
4 2226 1
14 2208 1
6 3278 1
11 1110 1
0 343 1
12 1141 1
3 1849 1
3 1756 1
12 4654 1
5 2590 1
8 4466 1
0 75 1
10 3560 1
8 4063 1
12 126 1
10 2059 1
13 3677 1
1 616 1
2 1086 1
2 1498 1
0 378 1
0 49 1
0 126 1
0 503 1
7 3642 1
6 3139 1
11 2597 1
19 3329 1
14 2195 1
2 1412 1
3 1960 1
2 1097 1
11 1578 1
0 124 1
13 662 1
15 1750 1
17 2298 1
9 4845 1
7 3863 1
4 2443 1
2 1515 1
10 3052 1
15 4235 1
6 3225 1
8 4211 1
13 3676 1
10 4554 1
4 2053 1
1 995 1
10 3047 1
9 4622 1
4 2241 1
18 3827 1
19 1340 1
4 2186 1
7 3957 1
11 1606 1
9 4953 1
7 3882 1
7 3889 1
15 4747 1
3 1923 1
18 2816 1
4 2337 1
7 4005 1
8 4237 1
5 2955 1
8 4270 1
10 3520 1
7 3824 1
1 834 1
4 2487 1
5 2862 1
5 2921 1
2 1089 1
6 3503 1
13 1189 1
3 1775 1
19 2335 1
19 1848 1
8 4278 1
0 179 1
2 1258 1
18 4327 1
6 3279 1
8 4169 1
2 1080 1
12 640 1
10 4025 1
1 641 1
10 2064 1
12 1630 1
4 2054 1
13 192 1
18 821 1
8 4110 1
15 1249 1
15 254 1
3 1567 1
3 1978 1
5 2840 1
10 566 1
6 3427 1
12 4152 1
3 1793 1
9 4648 1
9 4719 1
9 4559 1
5 2733 1
2 1139 1
9 5011 1
6 3199 1
7 3914 1
14 1715 1
1 954 1
4 2245 1
13 2188 1
0 206 1
7 3622 1
12 1122 1
7 3672 1
14 1213 1
0 425 1
6 3482 1
4 2275 1
13 3156 1
13 686 1
11 2600 1
18 2326 1
15 3236 1
8 4179 1
5 3014 1
5 2803 1
4 2514 1
19 2340 1
7 4009 1
16 1258 1
2 1124 1
0 466 1
6 3492 1
2 1277 1
8 4371 1
13 2173 1
10 3555 1
1 577 1
1 731 1
3 1652 1
8 4264 1
8 4291 1
2 1182 1
9 4941 1
3 1730 1
7 3919 1
14 3193 1
8 4328 1
14 1724 1
12 4624 1
7 3830 1
0 440 1
8 4343 1
11 4588 1
3 1705 1
9 4797 1
10 1057 1
2 1457 1
8 4431 1
3 1899 1
9 4989 1
3 1578 1
14 3708 1
10 3021 1
14 713 1
5 2746 1
6 3449 1
6 3071 1
4 2284 1
17 786 1
6 3179 1
11 95 1
1 932 1
1 736 1
3 1583 1
4 2236 1
19 1345 1
7 3885 1
10 4551 1
16 2282 1
15 3238 1
14 2722 1
2 1093 1
8 4330 1
1 653 1
10 1546 1
8 4106 1
18 1807 1
17 1286 1
5 2744 1
10 27 1
1 749 1
7 3922 1
12 3150 1
2 1458 1
3 1616 1
8 4223 1
9 4971 1
16 1772 1
16 772 1
2 1140 1
0 115 1
6 3165 1
0 36 1
5 2680 1
8 4279 1
2 1387 1
9 4731 1
8 4440 1
7 3979 1
2 1171 1
3 1944 1
7 3742 1
6 3228 1
14 4210 1
6 3206 1
7 3588 1
7 3811 1
6 3122 1
10 2049 1
17 1301 1
17 2792 1
5 2688 1
10 2553 1
3 1810 1
11 3097 1
6 3383 1
7 3879 1
7 3696 1
7 3984 1
13 673 1
6 3403 1
8 4160 1
11 591 1
1 788 1
14 1702 1
7 3631 1
10 1551 1
0 22 1
7 3886 1
7 3858 1
16 2256 1
1 1005 1
2 1070 1
5 2572 1
1 934 1
5 2809 1
2 1212 1
0 344 1
14 1719 1
2 1311 1
11 3588 1
19 2334 1
8 4487 1
11 2599 1
7 3992 1
14 2694 1
15 3730 1
7 3540 1
5 2831 1
16 1256 1
3 1602 1
18 3815 1
4 2513 1
2 1231 1
2 1266 1
4 2350 1
5 2943 1
5 2666 1
17 1799 1
10 2558 1
4 2153 1
10 4065 1
11 2584 1
10 34 1
12 2135 1
1 654 1
9 4686 1
2 1159 1
3 1748 1
11 1598 1
9 4806 1
1 790 1
13 2182 1
13 1158 1
9 4896 1
13 3665 1
8 4062 1
0 505 1
10 3065 1
6 3497 1
6 3091 1
5 2636 1
10 3022 1
19 4837 1
16 1263 1
8 4202 1
5 2932 1
11 2606 1
0 175 1
10 2542 1
6 3362 1
5 2808 1
16 1778 1
4 2027 1
10 3058 1
6 3266 1
13 1665 1
12 4641 1
9 4599 1
6 3391 1
4 2240 1
12 1143 1
2 1423 1
4 2507 1
7 3950 1
3 1824 1
3 1771 1
17 297 1
15 3247 1
2 1446 1
3 1533 1
9 4727 1
8 4209 1
16 3775 1
13 2174 1
4 2076 1
14 1218 1
4 2286 1
5 2732 1
9 4996 1
16 1768 1
15 235 1
19 330 1
1 923 1
0 334 1
18 2310 1
9 4813 1
10 3568 1
12 1619 1
0 98 1
16 1281 1
0 112 1
8 4082 1
6 3328 1
3 1807 1
6 3031 1
10 2520 1
13 666 1
8 4108 1
10 3552 1
4 2365 1
12 632 1
2 1270 1
11 1576 1
15 229 1
3 1876 1
6 3119 1
3 1877 1
12 1647 1
10 3567 1
5 2726 1
18 815 1
6 3355 1
7 3854 1
8 4297 1
8 4123 1
3 1913 1
5 2855 1
7 3524 1
15 2234 1
14 221 1
4 2325 1
12 2123 1
9 4641 1
13 2157 1
10 2566 1
7 3771 1
12 629 1
5 2672 1
8 4119 1
9 4592 1
10 1523 1
13 1659 1
19 339 1
18 822 1
1 977 1
11 4577 1
5 2707 1
2 1061 1
0 281 1
3 1749 1
12 1132 1
9 4985 1
19 1330 1
16 758 1
2 1309 1
12 2150 1
10 541 1
9 4676 1
3 1758 1
14 210 1
9 4749 1
11 2093 1
4 2022 1
16 3279 1
4 2252 1
9 4926 1
13 4692 1
19 2831 1
8 4124 1
3 1873 1
10 4539 1
13 4164 1
9 4948 1
3 1773 1
13 4180 1
8 4219 1
2 1286 1
11 1088 1
9 4526 1
2 1404 1
2 1226 1
5 2566 1
8 4434 1
5 2975 1
3 1547 1
2 1092 1
3 1546 1
12 1125 1
8 4429 1
2 1475 1
8 4344 1
0 442 1
11 2080 1
18 1824 1
11 2086 1
14 4221 1
9 4809 1
7 3578 1
15 3255 1
2 1415 1
3 1693 1
14 2702 1
12 2634 1
15 1246 1
11 1087 1
10 1521 1
7 3860 1
6 3415 1
4 2230 1
2 1490 1
5 2871 1
6 3123 1
4 2339 1
13 158 1
17 1297 1
8 4461 1
18 2811 1
10 3521 1
3 1956 1
3 1945 1
0 446 1
15 4226 1
10 3553 1
2 1395 1
19 3337 1
11 3108 1
5 2644 1
1 847 1
7 3783 1
14 4695 1
0 326 1
2 1354 1
16 2765 1
10 2020 1
12 142 1
6 3382 1
6 3210 1
11 4610 1
6 3458 1
5 2907 1
8 4491 1
11 1575 1
10 4560 1
9 4671 1
11 2105 1
0 71 1
18 807 1
6 3136 1
8 4322 1
13 4683 1
6 3455 1
3 1987 1
19 1839 1
1 886 1
5 2545 1
13 4192 1
8 4409 1
8 4177 1
2 1484 1
8 4375 1
8 4277 1
6 3444 1
10 4532 1
13 2171 1
3 1900 1
16 1782 1
2 1388 1
6 3476 1
6 3142 1
12 3122 1
7 3990 1
12 4617 1
8 4172 1
1 1018 1
1 1006 1
15 236 1
12 1649 1
2 1410 1
6 3349 1
10 1026 1
13 4691 1
3 1759 1
13 3168 1
19 338 1
7 3734 1
15 3254 1
11 1094 1
14 3715 1
1 981 1
3 1747 1
14 215 1
2 1225 1
10 3546 1
18 2319 1
10 44 1
3 1921 1
8 4295 1
0 347 1
4 2334 1
11 3098 1
4 2158 1
6 3188 1
3 1614 1
12 1146 1
7 3565 1
6 3181 1
4 2141 1
7 3803 1
14 208 1
1 884 1
2 1145 1
4 2031 1
3 1675 1
9 4842 1
1 757 1
0 355 1
8 4243 1
12 1651 1
1 702 1
10 2538 1
15 4730 1
7 3755 1
19 4341 1
2 1069 1
6 3255 1
6 3058 1
19 3340 1
1 631 1
3 1957 1
3 1882 1
13 4689 1
1 912 1
1 993 1
16 4773 1
3 1911 1
5 2770 1
8 4513 1
8 4092 1
3 2004 1
7 3816 1
6 3222 1
12 1144 1
3 1718 1
1 769 1
12 1119 1
12 624 1
18 2823 1
9 4981 1
2 1056 1
6 3301 1
1 745 1
13 4189 1
4 2335 1
7 3537 1
10 3046 1
11 1581 1
13 675 1
11 3073 1
7 3845 1
3 1525 1
2 1095 1
13 4664 1
0 133 1
14 4702 1
3 1988 1
12 2630 1
13 1669 1
5 2783 1
19 3837 1
9 4980 1
16 3765 1
16 4274 1
17 1786 1
13 1178 1
3 1982 1
11 4572 1
17 3286 1
8 4148 1
2 1115 1
16 1265 1
1 896 1
3 1791 1
13 4671 1
16 4256 1
13 1165 1
0 127 1
12 4115 1
6 3386 1
12 1140 1
15 4750 1
3 1561 1
14 2724 1
0 353 1
5 2985 1
3 1902 1
10 545 1
11 3593 1
7 3761 1
6 3408 1
4 2220 1
10 2065 1
17 3298 1
11 3086 1
9 4907 1
16 4762 1
12 3154 1
7 3799 1
4 2194 1
4 2380 1
9 4693 1
10 3556 1
13 3177 1
5 2639 1
5 2693 1
17 284 1
1 794 1
15 3750 1
7 3867 1
8 4224 1
18 1310 1
12 1153 1
15 4239 1
9 4819 1
7 3821 1
5 2539 1
3 1808 1
10 2563 1
19 1845 1
6 3294 1
12 1644 1
4 2265 1
12 1623 1
8 4244 1
4 2136 1
19 1830 1
8 4215 1
2 1283 1
7 3994 1
13 3179 1
5 2622 1
9 4841 1
6 3490 1
3 2005 1
7 3913 1
3 1891 1
9 4600 1
2 1155 1
2 1215 1
17 3291 1
4 2433 1
3 1563 1
19 4331 1
7 3624 1
13 668 1
13 177 1
14 2695 1
11 1114 1
6 3116 1
13 2162 1
12 619 1
0 370 1
7 3655 1
0 415 1
18 813 1
3 1963 1
1 811 1
3 1802 1
1 610 1
12 4117 1
17 3303 1
7 3962 1
0 61 1
8 4087 1
12 1118 1
4 2434 1
1 929 1
6 3514 1
3 2003 1
9 4587 1
16 3762 1
6 3445 1
14 4201 1
5 2924 1
3 1856 1
0 288 1
2 1094 1
7 3904 1
1 859 1
4 2424 1
1 554 1
7 3837 1
1 611 1
6 3290 1
18 1810 1
15 4255 1
9 4547 1
3 1690 1
5 2656 1
7 3844 1
19 4345 1
10 1030 1
18 4319 1
3 1662 1
8 4271 1
14 4724 1
2 1190 1
2 1329 1
7 4000 1
17 299 1
17 305 1
3 1788 1
4 2251 1
14 1696 1
5 2600 1
10 4553 1
0 376 1
7 3658 1
1 592 1
11 1099 1
12 4127 1
18 808 1
5 2882 1
10 2038 1
4 2475 1
10 57 1
9 4945 1
10 1029 1
18 3813 1
7 3814 1
1 808 1
10 4045 1
7 3539 1
0 202 1
9 4675 1
13 1684 1
1 951 1
2 1365 1
18 321 1
1 838 1
0 486 1
3 1660 1
1 822 1
7 3989 1
4 2177 1
4 2151 1
7 3632 1
0 203 1
4 2129 1
4 2472 1
5 2919 1
1 854 1
7 3693 1
6 3146 1
12 2619 1
11 3100 1
7 3747 1
15 743 1
8 4192 1
12 2635 1
10 3528 1
1 818 1
12 1631 1
2 1316 1
2 1035 1
5 2714 1
8 4484 1
17 3789 1
3 1986 1
11 2583 1
8 4397 1
2 1075 1
12 4134 1
3 1770 1
9 4835 1
8 4234 1
3 1524 1
15 3734 1
14 1208 1
11 2571 1
12 3125 1
4 2187 1
14 3213 1
7 3869 1
7 3587 1
8 4041 1
12 2124 1
2 1081 1
2 1202 1
8 4372 1
9 4834 1
8 4056 1
6 3456 1
4 2239 1
15 729 1
10 2565 1
4 2038 1
13 3673 1
18 4817 1
2 1462 1
5 2737 1
19 1840 1
12 1654 1
8 4477 1
6 3393 1
3 1721 1
19 3838 1
2 1161 1
8 4436 1
12 3626 1
14 1699 1
14 3208 1
12 1636 1
11 3084 1
1 730 1
10 2027 1
3 1674 1
17 1788 1
3 1844 1
2 1274 1
3 1688 1
3 1530 1
15 4253 1
18 2317 1
14 3712 1
10 65 1
0 23 1
19 4338 1
3 1830 1
14 3212 1
5 2951 1
16 1757 1
0 56 1
7 3674 1
13 1666 1
16 282 1
0 164 1
7 3609 1
15 1744 1
4 2500 1
11 601 1
14 4203 1
6 3189 1
10 3531 1
17 4798 1
2 1063 1
14 4222 1
1 668 1
7 3570 1
8 4506 1
11 75 1
7 3826 1
14 4205 1
0 205 1
13 1661 1
4 2159 1
6 3342 1
11 79 1
0 444 1
2 1334 1
0 192 1
5 2594 1
8 4498 1
8 4332 1
8 4282 1
9 4548 1
10 4062 1
9 4679 1
5 2906 1
9 4869 1
18 812 1
0 176 1
9 4720 1
3 1934 1
4 2448 1
9 4643 1
7 3581 1
8 4029 1
2 1492 1
19 4843 1
1 795 1
6 3241 1
8 4028 1
5 2974 1
6 3381 1
3 1814 1
12 124 1
8 4021 1
0 156 1
12 153 1
14 3710 1
2 1491 1
10 62 1
4 2223 1
15 4244 1
12 4632 1
5 3006 1
11 93 1
0 388 1
7 3834 1
13 2688 1
11 3075 1
10 43 1
19 2834 1
13 176 1
10 4559 1
3 1729 1
7 3663 1
4 2135 1
4 2061 1
15 1238 1
5 2794 1
0 274 1
16 757 1
3 1870 1
0 142 1
4 2104 1
0 190 1
14 2197 1
12 1625 1
4 2170 1
15 2755 1
13 1691 1
14 4701 1
11 4088 1
14 4195 1
6 3230 1
10 4040 1
10 4533 1
11 3089 1
1 924 1
5 2916 1
7 3754 1
3 1657 1
0 293 1
15 2254 1
11 2613 1
14 1216 1
6 3404 1
0 166 1
10 2554 1
9 4665 1
13 1656 1
6 3059 1
15 1736 1
14 2711 1
5 2720 1
11 2103 1
12 1634 1
12 149 1
5 2917 1
7 3800 1
4 2107 1
15 1731 1
8 4448 1
2 1505 1
7 3571 1
0 45 1
16 1780 1
12 4150 1
5 2628 1
0 105 1
11 3605 1
4 2233 1
17 2797 1
3 1717 1
0 174 1
4 2237 1
8 4226 1
8 4157 1
9 4946 1
9 4673 1
0 429 1
8 4199 1
4 2347 1
10 1021 1
0 148 1
14 3209 1
9 4915 1
6 3237 1
12 3648 1
6 3045 1
5 2777 1
10 32 1
7 3523 1
2 1261 1
4 2413 1
11 2110 1
1 633 1
9 4538 1
2 1347 1
8 4473 1
15 255 1
0 264 1
8 4225 1
6 3073 1
6 3270 1
6 3470 1
10 52 1
7 3807 1
2 1232 1
3 2017 1
17 1303 1
16 2763 1
9 4687 1
12 623 1
9 4848 1
6 3361 1
9 4696 1
9 4741 1
15 4227 1
18 1308 1
12 634 1
8 4424 1
1 539 1
0 137 1
12 2649 1
13 3679 1
4 2168 1
2 1149 1
1 612 1
1 553 1
6 3311 1
3 1636 1
10 4543 1
15 1730 1
18 818 1
0 358 1
3 1885 1
16 2761 1
1 615 1
6 3026 1
3 1884 1
2 1449 1
15 2255 1
14 2706 1
5 2593 1
3 1799 1
12 2618 1
7 3721 1
4 2124 1
8 4232 1
11 1107 1
0 253 1
4 2358 1
0 467 1
8 4420 1
7 3786 1
10 2055 1
4 2372 1
10 3035 1
8 4359 1
17 2788 1
4 2099 1
1 524 1
10 1027 1
15 3246 1
10 2025 1
12 1128 1
9 4545 1
10 4024 1
8 4130 1
0 437 1
8 4443 1
0 454 1
6 3200 1
6 3185 1
16 756 1
12 4650 1
13 3175 1
5 2870 1
13 172 1
1 560 1
7 3697 1
3 1865 1
5 2703 1
16 776 1
5 2979 1
19 4329 1
10 547 1
16 3263 1
11 1595 1
6 3394 1
1 711 1
3 1746 1
11 2590 1
8 4091 1
17 790 1
9 4831 1
11 4590 1
16 2271 1
9 4646 1
15 243 1
6 3327 1
7 3905 1
1 540 1
3 1733 1
19 3341 1
10 2541 1
3 1931 1
13 4176 1
10 4569 1
6 3466 1
6 3450 1
0 266 1
8 4451 1
10 4058 1
11 3094 1
17 2806 1
0 96 1
8 4074 1
9 4650 1
6 3192 1
14 4211 1
11 3077 1
17 4796 1
13 2669 1
15 3239 1
10 2546 1
10 4529 1
3 1671 1
0 375 1
1 967 1
5 2626 1
6 3452 1
19 4835 1
11 2582 1
1 832 1
12 646 1
13 2690 1
0 328 1
10 23 1
11 1073 1
15 3735 1
11 1600 1
10 3558 1
6 3024 1
10 559 1
1 617 1
5 2650 1
8 4138 1
16 4776 1
19 4347 1
16 1262 1
1 837 1
5 2780 1
6 3346 1
12 1633 1
13 3188 1
2 1154 1
6 3329 1
8 4503 1
13 1159 1
14 703 1
15 2235 1
3 1679 1
13 2185 1
6 3060 1
1 914 1
5 2597 1
1 833 1
18 4320 1
4 2199 1
16 3782 1
2 1122 1
7 3606 1
10 2044 1
7 3997 1
13 4679 1
6 3164 1
3 1942 1
2 1074 1
5 2535 1
10 3020 1
12 2642 1
19 342 1
14 2723 1
18 2309 1
0 182 1
0 509 1
2 1442 1
12 637 1
4 2181 1
12 1139 1
1 901 1
4 2165 1
9 4901 1
3 1537 1
13 1191 1
12 4655 1
18 3819 1
7 4016 1
0 418 1
4 2145 1
12 3627 1
9 4951 1
9 4691 1
17 1304 1
6 3021 1
1 593 1
4 2333 1
1 579 1
10 51 1
8 4308 1
17 2783 1
0 160 1
6 3426 1
5 2586 1
2 1518 1
1 714 1
13 1663 1
4 2021 1
1 544 1
5 2538 1
5 2982 1
6 3417 1
9 4759 1
6 3495 1
9 4802 1
5 2865 1
5 2619 1
0 159 1
14 1206 1
16 2280 1
9 4640 1
0 409 1
3 1804 1
19 1842 1
11 2604 1
9 4930 1
14 3702 1
15 3234 1
19 4332 1
6 3157 1
11 1111 1
6 3373 1
6 3369 1
4 2477 1
2 1310 1
13 665 1
1 851 1
17 293 1
14 209 1
14 2693 1
1 573 1
5 2574 1
10 2045 1
6 3506 1
1 528 1
10 4557 1
15 2231 1
12 3141 1
4 2248 1
1 870 1
7 3776 1
13 687 1
5 2929 1
16 1269 1
6 3036 1
15 4740 1
1 910 1
2 1312 1
11 109 1
6 3395 1
17 3785 1
10 1548 1
0 272 1
18 3324 1
4 2320 1
3 1827 1
16 4272 1
18 4822 1
6 3248 1
3 1995 1
3 1742 1
9 4954 1
11 74 1
17 3296 1
9 4745 1
11 4575 1
9 4817 1
8 4499 1
6 3218 1
2 1397 1
6 3337 1
4 2387 1
6 3398 1
0 233 1
8 4152 1
5 2635 1
8 4290 1
7 3545 1
7 3923 1
9 4852 1
1 916 1
18 310 1
4 2260 1
6 3079 1
9 4537 1
0 59 1
16 3773 1
0 351 1
2 1496 1
4 2409 1
3 2000 1
4 2314 1
14 2212 1
7 4019 1
14 3723 1
12 4124 1
1 728 1
0 95 1
4 2071 1
1 546 1
10 3032 1
7 3871 1
4 2480 1
14 1194 1
7 3657 1
1 595 1
3 2016 1
3 1897 1
11 4597 1
17 2292 1
10 3050 1
18 4820 1
0 511 1
1 976 1
9 4576 1
12 3638 1
0 37 1
11 4102 1
15 3241 1
0 385 1
3 1835 1
10 4534 1
3 1704 1
19 348 1
2 1292 1
9 5017 1
19 2341 1
10 2051 1
14 2709 1
13 182 1
19 4333 1
3 1654 1
5 3012 1
0 237 1
5 2839 1
6 3510 1
17 2299 1
14 3717 1
3 1734 1
16 1266 1
2 1372 1
4 2169 1
8 4360 1
11 77 1
11 90 1
8 4027 1
2 1267 1
4 2047 1
9 4975 1
10 3538 1
2 1033 1
16 3274 1
4 2100 1
3 1932 1
8 4307 1
0 58 1
8 4132 1
11 1093 1
2 1083 1
6 3117 1
8 4079 1
9 4735 1
4 2210 1
14 218 1
9 4552 1
8 4497 1
4 2261 1
0 138 1
2 1384 1
16 2270 1
4 2113 1
6 3148 1
13 2667 1
5 2837 1
4 2262 1
9 4653 1
7 3970 1
7 3934 1
15 1737 1
15 3249 1
10 1529 1
16 3267 1
2 1144 1
16 4768 1
8 4411 1
3 1590 1
5 2580 1
18 820 1
3 1973 1
12 2633 1
14 2713 1
5 2987 1
7 4006 1
2 1132 1
6 3287 1
13 3682 1
19 829 1
8 4369 1
4 2134 1
19 847 1
13 3164 1
7 3906 1
13 4677 1
19 839 1
14 4725 1
4 2182 1
10 1028 1
5 2584 1
6 3442 1
6 3214 1
10 54 1
6 3256 1
13 3684 1
8 4517 1
16 759 1
4 2313 1
0 158 1
8 4453 1
16 3780 1
9 4747 1
2 1174 1
7 3698 1
15 2742 1
10 4049 1
5 2878 1
8 4071 1
5 2543 1
9 4683 1
5 2774 1
9 4889 1
5 2787 1
0 421 1
0 494 1
0 395 1
0 434 1
7 3766 1
6 3109 1
14 697 1
16 781 1
12 1148 1
14 196 1
7 3769 1
11 4605 1
9 4903 1
2 1228 1
14 4196 1
8 4230 1
1 526 1
4 2166 1
9 4584 1
2 1240 1
7 3586 1
5 2712 1
11 3610 1
8 4401 1
7 3582 1
18 1328 1
1 920 1
1 798 1
11 70 1
12 4144 1
12 117 1
3 1763 1
13 4678 1
0 510 1
0 144 1
5 2521 1
3 1545 1
11 593 1
11 3083 1
7 3597 1
5 2898 1
14 3716 1
19 2332 1
11 3602 1
12 3640 1
9 4684 1
11 3571 1
8 4293 1
19 1837 1
0 55 1
11 3092 1
0 222 1
9 4680 1
5 2795 1
10 1065 1
1 700 1
11 1078 1
19 4343 1
5 2761 1
5 2913 1
13 3172 1
3 1698 1
13 161 1
7 3819 1
11 2573 1
10 1052 1
12 2628 1
19 1835 1
6 3277 1
2 1220 1
3 1577 1
8 4207 1
2 1191 1
8 4296 1
19 346 1
6 3413 1
1 713 1
2 1254 1
3 1727 1
5 2902 1
13 1676 1
7 3692 1
6 3407 1
11 3578 1
0 80 1
1 623 1
0 345 1
0 121 1
9 4879 1
11 3113 1
12 130 1
12 2152 1
17 4290 1
3 2011 1
10 4527 1
10 2033 1
19 3842 1
17 2293 1
2 1067 1
4 2504 1
11 4101 1
5 2546 1
8 4338 1
12 4147 1
14 700 1
10 42 1
1 895 1
11 3576 1
3 1879 1
9 4541 1
17 3804 1
6 3513 1
8 4073 1
19 3336 1
4 2214 1
3 1977 1
0 113 1
15 2750 1
4 2323 1
9 4672 1
5 2551 1
6 3493 1
0 67 1
8 4116 1
8 4088 1
8 4218 1
16 3277 1
6 3461 1
14 4703 1
7 3840 1
1 638 1
0 81 1
2 1345 1
3 1562 1
17 4785 1
12 615 1
6 3511 1
0 99 1
5 2773 1
19 1843 1
4 2319 1
17 3302 1
6 3515 1
10 2532 1
13 2678 1
5 2625 1
12 2615 1
14 1708 1
2 1252 1
6 3102 1
19 1333 1
0 227 1
4 2039 1
4 2450 1
3 1605 1
0 392 1
14 4714 1
5 2968 1
3 1880 1
12 2638 1
7 3752 1
9 4868 1
8 4355 1
1 712 1
13 2187 1
0 107 1
2 1209 1
9 4807 1
11 2077 1
9 4923 1
4 2295 1
4 2451 1
3 1673 1
6 3063 1
3 1691 1
10 29 1
9 4638 1
6 3267 1
5 2957 1
3 1706 1
3 1750 1
13 3681 1
11 2091 1
12 3145 1
15 739 1
7 3977 1
15 1244 1
1 997 1
7 3842 1
11 582 1
12 4637 1
7 3665 1
12 1135 1
5 2526 1
11 1574 1
11 1072 1
1 971 1
19 1348 1
19 3840 1
0 506 1
19 4834 1
1 693 1
14 1222 1
14 722 1
12 1123 1
7 3572 1
2 1088 1
6 3389 1
9 4558 1
11 3603 1
2 1368 1
0 91 1
4 2445 1
12 2651 1
10 2037 1
3 1943 1
12 2122 1
10 1040 1
14 3721 1
8 4358 1
0 216 1
7 3681 1
8 4430 1
17 1294 1
7 3951 1
9 5003 1
4 2156 1
11 1095 1
10 3557 1
16 2267 1
16 4780 1
7 3552 1
0 210 1
17 1800 1
3 1819 1
3 1826 1
2 1438 1
11 2586 1
2 1343 1
6 3299 1
6 3271 1
2 1330 1
9 4917 1
17 4800 1
1 541 1
6 3372 1
10 4059 1
3 1777 1
1 695 1
0 371 1
5 2933 1
18 3313 1
16 1767 1
13 3674 1
15 3227 1
16 1277 1
3 1752 1
8 4094 1
3 1926 1
1 636 1
8 4427 1
1 580 1
6 3473 1
2 1517 1
11 4580 1
10 537 1
1 804 1
3 1612 1
10 1541 1
12 2148 1
7 3978 1
7 3560 1
6 3183 1
1 754 1
2 1046 1
8 4472 1
3 1842 1
18 2828 1
9 4862 1
3 1765 1
8 4333 1
0 73 1
2 1318 1
2 1408 1
9 4738 1
2 1381 1
5 2648 1
5 2877 1
0 21 1
0 321 1
3 1964 1
12 4136 1
0 191 1
16 4782 1
4 2080 1
11 3572 1
11 1588 1
12 3655 1
13 1183 1
18 1809 1
11 3096 1
1 887 1
8 4456 1
0 496 1
14 3705 1
9 4732 1
16 1777 1
3 1951 1
13 3669 1
19 3335 1
4 2364 1
5 2601 1
7 3718 1
12 3130 1
8 4340 1
1 614 1
6 3484 1
16 2771 1
3 1570 1
13 4682 1
0 319 1
5 2880 1
7 3855 1
4 2516 1
9 4761 1
9 4685 1
10 3542 1
10 2540 1
4 2486 1
0 261 1
5 2750 1
2 1432 1
5 2532 1
7 3627 1
6 3041 1
7 3725 1
17 4792 1
1 952 1
8 4489 1
12 1117 1
8 4043 1
16 3268 1
9 4598 1
11 1092 1
15 3737 1
15 4727 1
12 4119 1
2 1105 1
15 4726 1
4 2454 1
9 4800 1
12 1154 1
11 4593 1
4 2247 1
3 1738 1
4 2174 1
4 2088 1
4 2125 1
18 4326 1
16 771 1
15 2739 1
0 377 1
2 1459 1
9 4805 1
8 4104 1
3 1860 1
13 682 1
8 4155 1
2 1098 1
9 4574 1
11 2088 1
1 826 1
10 2042 1
12 2134 1
12 2155 1
17 1302 1
10 1540 1
11 3112 1
10 2533 1
16 1276 1
5 2922 1
18 823 1
0 273 1
8 4408 1
10 4528 1
13 677 1
4 2419 1
15 4246 1
0 30 1
10 533 1
11 1086 1
17 799 1
6 3401 1
11 609 1
6 3504 1
1 718 1
18 3318 1
2 1322 1
6 3077 1
7 3900 1
4 2264 1
4 2068 1
0 157 1
18 824 1
7 3866 1
12 2640 1
6 3282 1
13 190 1
7 3566 1
3 1861 1
10 3056 1
8 4248 1
8 4109 1
9 4707 1
0 195 1
13 4161 1
10 2562 1
2 1186 1
5 2602 1
6 3291 1
12 4121 1
15 2740 1
18 1322 1
6 3194 1
9 4920 1
4 2219 1
5 2984 1
1 674 1
17 3297 1
17 4304 1
11 1104 1
7 3592 1
8 4463 1
4 2518 1
12 3624 1
4 2304 1
0 265 1
8 4353 1
12 3147 1
5 2969 1
12 647 1
12 3134 1
2 1356 1
14 1695 1
5 2797 1
15 3755 1
1 637 1
6 3219 1
4 2425 1
1 925 1
14 3694 1
0 225 1
9 4911 1
1 734 1
15 4754 1
18 2815 1
5 2986 1
17 1296 1
8 4294 1
0 338 1
18 2322 1
3 1632 1
1 943 1
14 707 1
5 2838 1
15 2728 1
8 4500 1
10 26 1
6 3318 1
6 3035 1
11 4076 1
1 783 1
5 2575 1
2 1411 1
0 451 1
12 131 1
14 705 1
0 314 1
11 2595 1
6 3231 1
9 4575 1
1 780 1
4 2301 1
2 1349 1
5 2983 1
9 4779 1
11 4576 1
2 1263 1
8 4051 1
1 771 1
6 3064 1
9 4566 1
2 1085 1
8 4161 1
5 2848 1
7 3942 1
8 4331 1
7 3988 1
6 3432 1
3 1521 1
7 3651 1
15 726 1
7 3965 1
2 1478 1
14 1721 1
11 596 1
10 3039 1
12 2137 1
11 583 1
4 2115 1
15 1726 1
9 4986 1
1 874 1
4 2378 1
14 4193 1
5 2565 1
1 865 1
17 1790 1
8 4351 1
2 1452 1
9 4912 1
4 2098 1
0 374 1
16 3281 1
11 91 1
8 4134 1
2 1184 1
18 1822 1
6 3363 1
3 2018 1
0 69 1
6 3095 1
11 4614 1
14 4194 1
17 296 1
13 663 1
6 3434 1
8 4485 1
1 787 1
10 528 1
6 3128 1
14 3711 1
3 1862 1
5 2701 1
6 3067 1
6 3226 1
4 2410 1
11 4602 1
9 4997 1
10 2523 1
9 4619 1
9 4979 1
0 167 1
4 2209 1
12 2141 1
9 4972 1
9 4850 1
1 1002 1
6 3028 1
0 439 1
16 1259 1
10 560 1
7 3569 1
2 1076 1
0 318 1
8 4493 1
18 828 1
16 2269 1
0 256 1
0 25 1
4 2330 1
9 4821 1
9 4534 1
12 133 1
9 4583 1
0 155 1
15 2229 1
18 1325 1
3 1628 1
5 2705 1
9 4644 1
8 4404 1
7 3892 1
9 5012 1
14 206 1
1 900 1
4 2132 1
1 942 1
11 1108 1
5 2736 1
10 1051 1
17 4286 1
10 1550 1
7 3940 1
11 3090 1
11 1076 1
6 3099 1
3 1767 1
14 1223 1
3 1555 1
12 3650 1
3 1676 1
0 469 1
5 2719 1
6 3153 1
7 3927 1
2 1044 1
11 605 1
10 4031 1
2 1107 1
17 3283 1
16 3262 1
14 1717 1
8 4516 1
9 4990 1
2 1377 1
1 559 1
15 1751 1
3 1686 1
2 1205 1
7 3746 1
14 2697 1
4 2421 1
12 154 1
11 2591 1
3 1984 1
9 4999 1
3 1815 1
11 4599 1
7 3645 1
13 170 1
1 907 1
15 2734 1
15 742 1
2 1236 1
18 2821 1
3 1665 1
14 4716 1
15 4238 1
1 760 1
17 4306 1
10 3554 1
1 628 1
3 1712 1
5 2830 1
9 4656 1
17 295 1
10 4028 1
13 4171 1
9 4838 1
19 331 1
9 5009 1
4 2121 1
7 3580 1
1 676 1
9 4530 1
6 3447 1
6 3020 1
17 4303 1
4 2481 1
17 289 1
12 2655 1
1 970 1
8 4089 1
12 4640 1
9 4777 1
0 31 1
5 2595 1
8 4077 1
15 2744 1
0 269 1
3 1908 1
7 3981 1
8 4176 1
19 3845 1
3 1728 1
4 2253 1
2 1052 1
18 2314 1
5 2567 1
8 4276 1
10 3543 1
14 195 1
11 3594 1
7 3943 1
2 1314 1
8 4213 1
0 116 1
7 3635 1
5 2851 1
6 3049 1
14 1211 1
14 3722 1
2 1302 1
15 2253 1
14 1720 1
17 795 1
9 4723 1
10 2057 1
13 4688 1
7 4014 1
18 1813 1
10 4022 1
14 1723 1
4 2254 1
6 3159 1
8 4449 1
14 1704 1
7 3802 1
8 4302 1
7 3985 1
16 1769 1
9 4804 1
13 3162 1
0 372 1
10 1039 1
17 3788 1
2 1339 1
1 947 1
9 5006 1
8 4046 1
15 234 1
1 576 1
4 2154 1
16 275 1
0 478 1
16 3260 1
15 2239 1
1 843 1
0 448 1
4 2401 1
10 2069 1
10 2034 1
7 3621 1
5 2646 1
5 2749 1
10 3063 1
17 4305 1
0 101 1
15 748 1
5 3001 1
9 4781 1
0 489 1
12 120 1
15 2248 1
11 4070 1
8 4339 1
14 2710 1
12 2132 1
5 2677 1
2 1474 1
2 1348 1
14 3206 1
3 1685 1
1 596 1
5 2520 1
12 630 1
19 2832 1
13 1157 1
6 3168 1
10 4542 1
1 620 1
0 317 1
18 2825 1
5 2858 1
3 1666 1
4 2189 1
16 3774 1
8 4020 1
0 51 1
12 2133 1
8 4288 1
2 1028 1
5 2683 1
0 291 1
10 2568 1
0 449 1
6 3114 1
8 4378 1
0 103 1
18 1311 1
4 2138 1
9 4914 1
