1986 2530 3044
937 1986 2530 5279
1126 1986 5303 5996 6330
1126 1645 1986 5303 5996 6330
1126 1645 1986 2386 5303 5996 6330
1126 1986 2386 3283 5303 5996 6330 6452
1645 2386 3019 3193 3283 5303 5996 6330 6452
1126 1645 2386 3019 3193 3283 5303 5996 6330 6452
521 1126 1645 2386 3019 3193 3283 5303 5996 6330 6452
1126 1645 2386 3019 3193 3283 5303 5996 6330 6393 6452 8073
1126 1645 1806 2386 3019 3193 3283 4585 5303 5996 6330 6452 6841
521 1126 1645 1684 2386 3019 3193 3283 4143 5303 5996 6330 6452 8073
706 1126 1474 1645 2019 2386 3019 3193 3283 3437 5303 5996 6330 6452 7898