1986 3044 7462 3713 4686 6880 937 3044 1986 1986 3044 7462 
1986 3044 6880 7462 167 3713 4686 6880 937 3044 2530 5279 1986 3044 6880 7462 
1986 3044 5279 6880 7462 167 3713 4686 5303 6880 3044 6452 1126 1645 758 1986 3044 5279 6880 7462 
758 1986 3044 5279 6880 7462 167 3713 4686 5303 5847 6880 3019 1126 6330 1645 3283 1986 758 1986 3044 5279 6880 7462 
758 1986 2630 3044 5279 6880 7462 167 758 3713 4686 5303 5847 6880 3019 1126 6330 1645 3283 5303 3044 758 1986 2630 3044 5279 6880 7462 
758 1316 1986 2630 3044 5279 6880 7462 167 758 1986 3713 4686 5303 5847 6880 6452 2386 5303 3283 1645 6330 1126 1986 758 1316 1986 2630 3044 5279 6880 7462 
758 1316 1986 2630 3044 5279 5424 6880 7462 167 758 1986 3713 4686 5303 5847 6330 6880 6330 3193 3019 5996 1645 3283 5303 6452 1126 758 1316 1986 2630 3044 5279 5424 6880 7462 
758 830 1316 1986 2630 3044 5279 5424 6880 7462 167 758 1126 1986 3713 4686 5303 5847 6330 6880 6330 3193 3019 5996 1645 3283 5303 6452 2386 1986 758 830 1316 1986 2630 3044 5279 5424 6880 7462 
543 758 830 1316 1986 2630 3044 5279 5424 6880 7462 167 758 1126 1645 1986 3713 4686 5303 5847 6330 6880 6330 3193 3019 5996 1645 3283 5303 6452 1986 1126 758 543 758 830 1316 1986 2630 3044 5279 5424 6880 7462 
543 758 830 1316 1986 2630 3044 4895 5279 5424 6880 7462 167 758 1126 1645 1986 2386 3713 4686 5303 5847 6330 6880 2386 937 6452 5303 3283 1645 5996 3019 3193 6330 1126 830 543 758 830 1316 1986 2630 3044 4895 5279 5424 6880 7462 
543 758 830 1316 1986 2630 3044 4895 5279 5424 6880 7462 7906 167 758 1126 1645 1986 2386 3713 4686 5303 5847 5996 6330 6880 2386 937 6452 5303 3283 1645 5996 3019 3193 1126 533 6330 830 543 758 830 1316 1986 2630 3044 4895 5279 5424 6880 7462 7906 
543 758 830 1316 1986 2630 3044 4895 5279 5424 6469 6880 7462 7906 167 758 1126 1645 1986 2386 3713 4686 5303 5847 5996 6330 6452 6880 2386 937 6452 5303 3283 1645 5996 3019 3193 1126 533 6330 830 8073 543 758 830 1316 1986 2630 3044 4895 5279 5424 6469 6880 7462 7906 
543 758 830 1316 1986 2630 3044 4273 4895 5279 5424 6469 6880 7462 7906 167 758 1126 1645 1986 2386 3193 3713 4686 5303 5847 5996 6330 6452 6880 2386 937 6452 5303 3283 1645 5996 3019 3193 1126 533 6330 830 8073 0 543 758 830 1316 1986 2630 3044 4273 4895 5279 5424 6469 6880 7462 7906 
