# random greedy certified ratio vs k; n=1005, 1 seed(s); mean (and sd) over seeds; nan = not shown
k dual dual_sd topk topk_sd total total_sd opt opt_sd
1 1.00000 0.00000 1.00000 0.00000 0.01336 0.00000 1.00000 0.00000
20 0.83267 0.00000 0.81694 0.00000 0.10932 0.00000 nan nan
40 0.76892 0.00000 0.73522 0.00000 0.16489 0.00000 nan nan
60 0.73730 0.00000 0.67945 0.00000 0.20150 0.00000 nan nan
80 0.71559 0.00000 0.63223 0.00000 0.22620 0.00000 nan nan
100 0.69303 0.00000 0.59362 0.00000 0.24436 0.00000 nan nan
120 0.66937 0.00000 0.56096 0.00000 0.25815 0.00000 nan nan
140 0.64647 0.00000 0.53420 0.00000 0.26900 0.00000 nan nan
160 0.62197 0.00000 0.50838 0.00000 0.27614 0.00000 nan nan
180 0.59964 0.00000 0.48613 0.00000 0.28184 0.00000 nan nan
200 0.57856 0.00000 0.46579 0.00000 0.28597 0.00000 nan nan
220 0.55740 0.00000 0.44590 0.00000 0.28792 0.00000 nan nan
240 0.53924 0.00000 0.42864 0.00000 0.28956 0.00000 nan nan
260 0.52251 0.00000 0.41324 0.00000 0.29059 0.00000 nan nan
280 0.50601 0.00000 0.39870 0.00000 0.29067 0.00000 nan nan
300 0.49182 0.00000 0.38646 0.00000 0.29112 0.00000 nan nan
320 0.47868 0.00000 0.37522 0.00000 0.29100 0.00000 nan nan
340 0.46612 0.00000 0.36474 0.00000 0.29032 0.00000 nan nan
360 0.45452 0.00000 0.35516 0.00000 0.28948 0.00000 nan nan
380 0.44477 0.00000 0.34697 0.00000 0.28914 0.00000 nan nan
400 0.43577 0.00000 0.33930 0.00000 0.28867 0.00000 nan nan
420 0.42725 0.00000 0.33215 0.00000 0.28788 0.00000 nan nan
440 0.41980 0.00000 0.32586 0.00000 0.28727 0.00000 nan nan
460 0.41369 0.00000 0.32026 0.00000 0.28682 0.00000 nan nan
480 0.40913 0.00000 0.31551 0.00000 0.28672 0.00000 nan nan
500 0.40332 0.00000 0.30985 0.00000 0.28539 0.00000 nan nan
