# random greedy certified ratio vs k; n=20, 10 seed(s); mean (and sd) over seeds; nan = not shown
k dual dual_sd topk topk_sd total total_sd opt opt_sd
1 1.00000 0.00000 1.00000 0.00000 0.11262 0.01103 1.00000 0.00000
2 0.94920 0.02282 0.92498 0.03468 0.19125 0.01485 0.95545 0.02055
3 0.90493 0.02058 0.87548 0.02693 0.25340 0.01968 0.91614 0.02265
4 0.87366 0.02629 0.83162 0.02966 0.30491 0.02530 0.89221 0.01971
5 0.82802 0.02831 0.77683 0.03479 0.34148 0.02784 0.85820 0.01418
6 0.78786 0.02314 0.72271 0.03635 0.36703 0.02875 0.83225 0.01549
7 0.74708 0.02127 0.66821 0.03308 0.38055 0.02695 0.80277 0.02348
8 0.70428 0.02308 0.61333 0.03087 0.38575 0.02749 0.77823 0.01319
9 0.66602 0.02134 0.56609 0.02589 0.38626 0.02540 0.75651 0.01666
10 0.63224 0.02344 0.52581 0.02296 0.38518 0.02508 0.74734 0.01679
11 0.60693 0.02397 0.49212 0.02110 0.38258 0.02301 0.74123 0.01911
12 0.58894 0.02627 0.46263 0.02027 0.37913 0.02238 0.73461 0.01959
13 0.57659 0.03081 0.43817 0.02090 0.37598 0.02315 0.72834 0.01656
14 0.56661 0.03420 0.41727 0.01804 0.37197 0.02132 0.72077 0.01819
15 0.55987 0.03550 0.39909 0.01771 0.36788 0.02179 0.71277 0.01787
16 0.55745 0.03549 0.38685 0.01633 0.36625 0.02115 0.70970 0.01855
17 0.55383 0.03483 0.37616 0.01583 0.36386 0.02041 0.70514 0.01926
18 0.55160 0.03487 0.36877 0.01675 0.36239 0.02035 0.70232 0.02037
19 0.54899 0.03408 0.36306 0.01744 0.36066 0.01934 0.69903 0.01948
20 0.54983 0.03606 0.36120 0.02077 0.36120 0.02077 0.69993 0.01869
