# random greedy certified ratio vs k; n=200, 5 seed(s); mean (and sd) over seeds; nan = not shown
k dual dual_sd topk topk_sd total total_sd opt opt_sd lp lp_sd gamma1 gamma1_sd mu2 mu2_sd mu3 mu3_sd marg marg_sd hyb hyb_sd best best_sd
1 1.00000 0.00000 1.00000 0.00000 0.00974 0.00102 1.00000 0.00000 1.00000 0.00000 0.00863 0.00082 0.01225 0.00127 0.01238 0.00135 1.00000 0.00000 1.00000 0.00000 1.00000 0.00000
5 0.97197 0.00928 0.96354 0.01070 0.04417 0.00298 nan nan 0.96499 0.00986 0.03917 0.00240 0.05555 0.00364 0.05615 0.00412 0.96354 0.01070 0.96522 0.00987 0.97197 0.00928
10 0.94116 0.01660 0.93182 0.01878 0.08178 0.00429 nan nan 0.93439 0.01702 0.07251 0.00296 0.10285 0.00516 0.10395 0.00589 0.93182 0.01878 0.93482 0.01704 0.94116 0.01660
15 0.91293 0.01763 0.90285 0.02014 0.11491 0.00525 nan nan 0.90756 0.01742 0.10189 0.00326 0.14452 0.00624 0.14606 0.00719 0.90285 0.02014 0.90825 0.01685 0.91293 0.01763
20 0.88745 0.01532 0.87475 0.01900 0.14422 0.00551 nan nan 0.88190 0.01615 0.12790 0.00304 0.18139 0.00646 0.18331 0.00761 0.87475 0.01900 0.88370 0.01488 0.88745 0.01532
25 0.86370 0.01320 0.85016 0.01659 0.17060 0.00559 nan nan 0.85857 0.01377 0.15130 0.00275 0.21457 0.00650 0.21684 0.00794 0.85016 0.01659 0.86095 0.01288 0.86370 0.01320
30 0.84082 0.01158 0.82426 0.01501 0.19394 0.00560 nan nan 0.83599 0.01156 0.17201 0.00251 0.24562 0.00887 0.24650 0.00786 0.82426 0.01501 0.83926 0.01076 0.84102 0.01136
35 0.81855 0.00965 0.79983 0.01274 0.21480 0.00517 nan nan 0.81366 0.00840 0.19052 0.00226 0.27955 0.00949 0.27302 0.00761 0.79983 0.01274 0.81778 0.00858 0.81908 0.00907
40 0.79729 0.00851 0.77511 0.01179 0.23337 0.00559 nan nan 0.79134 0.00689 0.20699 0.00217 0.31142 0.00954 0.29661 0.00806 0.77511 0.01179 0.79703 0.00708 0.79789 0.00767
45 0.77887 0.00718 0.75104 0.01033 0.24994 0.00575 nan nan 0.76940 0.00590 0.22169 0.00255 0.34014 0.00943 0.31767 0.00841 0.75104 0.01033 0.77919 0.00561 0.77985 0.00623
50 0.76080 0.00521 0.72637 0.00869 0.26432 0.00598 nan nan 0.74779 0.00481 0.23444 0.00235 0.36588 0.01058 0.33593 0.00840 0.72637 0.00869 0.76151 0.00369 0.76190 0.00426
55 0.74352 0.00513 0.70228 0.00860 0.27690 0.00648 nan nan 0.72706 0.00570 0.24560 0.00239 0.38713 0.01168 0.35193 0.00907 0.70228 0.00860 0.74483 0.00363 0.74509 0.00393
60 0.72405 0.00393 0.67735 0.00715 0.28704 0.00603 nan nan 0.70505 0.00408 0.25461 0.00253 0.40375 0.01025 0.36482 0.00895 0.67735 0.00715 0.72612 0.00236 0.72628 0.00251
65 0.70398 0.00490 0.65313 0.00753 0.29547 0.00599 nan nan 0.68340 0.00416 0.26209 0.00247 0.41664 0.01017 0.37554 0.00884 0.65313 0.00753 0.70686 0.00298 0.70692 0.00305
70 0.68077 0.00516 0.62711 0.00686 0.30115 0.00576 nan nan 0.66014 0.00350 0.26713 0.00251 0.42467 0.00982 0.38275 0.00863 0.62711 0.00686 0.68465 0.00309 0.68465 0.00309
75 0.65806 0.00554 0.60237 0.00654 0.30563 0.00528 nan nan 0.63881 0.00288 0.27111 0.00241 0.43099 0.00910 0.38845 0.00835 0.60237 0.00654 0.66288 0.00314 0.66288 0.00314
80 0.63518 0.00501 0.57799 0.00538 0.30864 0.00505 nan nan 0.61846 0.00285 0.27378 0.00263 0.43522 0.00883 0.39227 0.00813 0.57799 0.00538 0.64083 0.00315 0.64083 0.00315
85 0.61113 0.00520 0.55297 0.00516 0.30967 0.00506 nan nan 0.59766 0.00388 0.27470 0.00254 0.43668 0.00872 0.39358 0.00802 0.55297 0.00516 0.61761 0.00399 0.61761 0.00399
90 0.58878 0.00547 0.52999 0.00521 0.31030 0.00486 nan nan 0.57948 0.00424 0.27525 0.00268 0.43756 0.00819 0.39437 0.00750 0.52999 0.00521 0.59636 0.00433 0.59636 0.00433
95 0.56742 0.00504 0.50846 0.00457 0.31031 0.00501 nan nan 0.56444 0.00513 0.27526 0.00271 0.43758 0.00889 0.39440 0.00869 0.50846 0.00457 0.57685 0.00473 0.57685 0.00473
100 0.54726 0.00473 0.48826 0.00386 0.30986 0.00466 nan nan 0.55281 0.00480 0.27487 0.00282 0.43694 0.00829 0.39385 0.00804 0.48826 0.00386 0.55996 0.00471 0.55996 0.00471
