# random greedy certified ratio vs k; n=20, 10 seed(s); mean (and sd) over seeds; nan = not shown
k dual dual_sd topk topk_sd total total_sd opt opt_sd lp lp_sd gamma1 gamma1_sd mu2 mu2_sd mu3 mu3_sd
1 1.00000 0.00000 1.00000 0.00000 0.11262 0.01103 1.00000 0.00000 1.00000 0.00000 0.08361 0.01553 0.14460 0.01661 0.14444 0.01854
2 0.94920 0.02282 0.92498 0.03468 0.19125 0.01485 0.95545 0.02055 0.93353 0.02596 0.14217 0.02658 0.25109 0.03183 0.24539 0.02981
3 0.90493 0.02058 0.87548 0.02693 0.25340 0.01968 0.91614 0.02265 0.88890 0.02266 0.18804 0.03243 0.34207 0.03901 0.32500 0.03782
4 0.87366 0.02629 0.83162 0.02966 0.30491 0.02530 0.89221 0.01971 0.85324 0.02654 0.22631 0.04018 0.41853 0.04642 0.39116 0.04768
5 0.82802 0.02831 0.77683 0.03479 0.34148 0.02784 0.85820 0.01418 0.80801 0.02346 0.25353 0.04549 0.47272 0.05127 0.43811 0.05354
6 0.78786 0.02314 0.72271 0.03635 0.36703 0.02875 0.83225 0.01549 0.76443 0.02348 0.27255 0.04899 0.51350 0.05721 0.47090 0.05664
7 0.74708 0.02127 0.66821 0.03308 0.38055 0.02695 0.80277 0.02348 0.71973 0.02007 0.28254 0.04939 0.53317 0.05503 0.48812 0.05508
8 0.70428 0.02308 0.61333 0.03087 0.38575 0.02749 0.77823 0.01319 0.68052 0.01941 0.28656 0.05156 0.54053 0.05690 0.49489 0.05725
9 0.66602 0.02134 0.56609 0.02589 0.38626 0.02540 0.75651 0.01666 0.65095 0.01851 0.28699 0.05118 0.54121 0.05462 0.49640 0.05606
10 0.63224 0.02344 0.52581 0.02296 0.38518 0.02508 0.74734 0.01679 0.63257 0.02119 0.28622 0.05121 0.53967 0.05409 0.49709 0.05460
11 0.60693 0.02397 0.49212 0.02110 0.38258 0.02301 0.74123 0.01911 0.62446 0.02263 0.28430 0.05029 0.53593 0.05098 0.49369 0.05238
12 0.58894 0.02627 0.46263 0.02027 0.37913 0.02238 0.73461 0.01959 0.61730 0.02356 0.28177 0.04994 0.53106 0.04977 0.48925 0.05179
13 0.57659 0.03081 0.43817 0.02090 0.37598 0.02315 0.72834 0.01656 0.61185 0.02517 0.27939 0.04958 0.52672 0.05086 0.48519 0.05208
14 0.56661 0.03420 0.41727 0.01804 0.37197 0.02132 0.72077 0.01819 0.60534 0.02136 0.27634 0.04791 0.52093 0.04698 0.47992 0.04925
15 0.55987 0.03550 0.39909 0.01771 0.36788 0.02179 0.71277 0.01787 0.59868 0.02286 0.27337 0.04815 0.51531 0.04834 0.47470 0.04992
16 0.55745 0.03549 0.38685 0.01633 0.36625 0.02115 0.70970 0.01855 0.59617 0.02522 0.27209 0.04736 0.51307 0.04803 0.47252 0.04845
17 0.55383 0.03483 0.37616 0.01583 0.36386 0.02041 0.70514 0.01926 0.59236 0.02593 0.27027 0.04657 0.50971 0.04709 0.46939 0.04708
18 0.55160 0.03487 0.36877 0.01675 0.36239 0.02035 0.70232 0.02037 0.58988 0.02367 0.26921 0.04633 0.50761 0.04639 0.46756 0.04764
19 0.54899 0.03408 0.36306 0.01744 0.36066 0.01934 0.69903 0.01948 0.58717 0.02448 0.26781 0.04499 0.50517 0.04514 0.46522 0.04543
20 0.54983 0.03606 0.36120 0.02077 0.36120 0.02077 0.69993 0.01869 0.58800 0.02604 0.26819 0.04537 0.50598 0.04696 0.46596 0.04691
