# random greedy certified ratio vs k; n=1005, 1 seed(s); mean (and sd) over seeds; nan = not shown
k dual dual_sd topk topk_sd total total_sd opt opt_sd lp lp_sd gamma1 gamma1_sd mu2 mu2_sd mu3 mu3_sd marg marg_sd
1 1.00000 0.00000 1.00000 0.00000 0.01336 0.00000 1.00000 0.00000 1.00000 0.00000 0.01302 0.00000 0.01708 0.00000 0.01715 0.00000 1.00000 0.00000
20 0.83267 0.00000 0.81694 0.00000 0.10932 0.00000 nan nan 0.82843 0.00000 0.10654 0.00000 0.13980 0.00000 0.14039 0.00000 0.81694 0.00000
40 0.76892 0.00000 0.73522 0.00000 0.16489 0.00000 nan nan 0.75881 0.00000 0.16069 0.00000 0.21087 0.00000 0.21176 0.00000 0.73522 0.00000
60 0.73730 0.00000 0.67945 0.00000 0.20150 0.00000 nan nan 0.71647 0.00000 0.19636 0.00000 0.25768 0.00000 0.25877 0.00000 0.67945 0.00000
80 0.71559 0.00000 0.63223 0.00000 0.22620 0.00000 nan nan 0.68058 0.00000 0.22043 0.00000 0.29728 0.00000 0.29048 0.00000 0.63223 0.00000
100 0.69303 0.00000 0.59362 0.00000 0.24436 0.00000 nan nan 0.65402 0.00000 0.23813 0.00000 0.32676 0.00000 0.31381 0.00000 0.59362 0.00000
120 0.66937 0.00000 0.56096 0.00000 0.25815 0.00000 nan nan 0.63099 0.00000 0.25157 0.00000 0.34713 0.00000 0.33151 0.00000 0.56096 0.00000
140 0.64647 0.00000 0.53420 0.00000 0.26900 0.00000 nan nan 0.61282 0.00000 0.26214 0.00000 0.36183 0.00000 0.34545 0.00000 0.53420 0.00000
160 0.62197 0.00000 0.50838 0.00000 0.27614 0.00000 nan nan 0.59347 0.00000 0.26910 0.00000 0.37144 0.00000 0.35462 0.00000 0.50838 0.00000
180 0.59964 0.00000 0.48613 0.00000 0.28184 0.00000 nan nan 0.57774 0.00000 0.27466 0.00000 0.37911 0.00000 0.36194 0.00000 0.48613 0.00000
200 0.57856 0.00000 0.46579 0.00000 0.28597 0.00000 nan nan 0.56413 0.00000 0.27868 0.00000 0.38466 0.00000 0.36725 0.00000 0.46732 0.00000
220 0.55740 0.00000 0.44590 0.00000 0.28792 0.00000 nan nan 0.55047 0.00000 0.28059 0.00000 0.38729 0.00000 0.36975 0.00000 0.45131 0.00000
240 0.53924 0.00000 0.42864 0.00000 0.28956 0.00000 nan nan 0.53916 0.00000 0.28218 0.00000 0.38949 0.00000 0.37185 0.00000 0.43816 0.00000
260 0.52251 0.00000 0.41324 0.00000 0.29059 0.00000 nan nan 0.52931 0.00000 0.28318 0.00000 0.39087 0.00000 0.37317 0.00000 0.42657 0.00000
280 0.50601 0.00000 0.39870 0.00000 0.29067 0.00000 nan nan 0.52017 0.00000 0.28326 0.00000 0.39098 0.00000 0.37381 0.00000 0.41617 0.00000
300 0.49182 0.00000 0.38646 0.00000 0.29112 0.00000 nan nan 0.51395 0.00000 0.28370 0.00000 0.39159 0.00000 0.37503 0.00000 0.40898 0.00000
320 0.47868 0.00000 0.37522 0.00000 0.29100 0.00000 nan nan 0.50808 0.00000 0.28359 0.00000 0.39143 0.00000 0.37489 0.00000 0.40334 0.00000
340 0.46612 0.00000 0.36474 0.00000 0.29032 0.00000 nan nan 0.50225 0.00000 0.28292 0.00000 0.39052 0.00000 0.37401 0.00000 0.39764 0.00000
360 0.45452 0.00000 0.35516 0.00000 0.28948 0.00000 nan nan 0.49695 0.00000 0.28210 0.00000 0.38938 0.00000 0.37292 0.00000 0.39271 0.00000
380 0.44477 0.00000 0.34697 0.00000 0.28914 0.00000 nan nan 0.49320 0.00000 0.28177 0.00000 0.38893 0.00000 0.37249 0.00000 0.39089 0.00000
400 0.43577 0.00000 0.33930 0.00000 0.28867 0.00000 nan nan 0.48990 0.00000 0.28131 0.00000 0.38829 0.00000 0.37188 0.00000 0.38920 0.00000
420 0.42725 0.00000 0.33215 0.00000 0.28788 0.00000 nan nan 0.48682 0.00000 0.28054 0.00000 0.38722 0.00000 0.37086 0.00000 0.38745 0.00000
440 0.41980 0.00000 0.32586 0.00000 0.28727 0.00000 nan nan 0.48450 0.00000 0.27995 0.00000 0.38641 0.00000 0.37008 0.00000 0.38623 0.00000
460 0.41369 0.00000 0.32026 0.00000 0.28682 0.00000 nan nan 0.48283 0.00000 0.27951 0.00000 0.38581 0.00000 0.36950 0.00000 0.38525 0.00000
480 0.40913 0.00000 0.31551 0.00000 0.28672 0.00000 nan nan 0.48212 0.00000 0.27941 0.00000 0.38567 0.00000 0.36936 0.00000 0.38510 0.00000
500 0.40332 0.00000 0.30985 0.00000 0.28539 0.00000 nan nan 0.47957 0.00000 0.27812 0.00000 0.38389 0.00000 0.36766 0.00000 0.38333 0.00000
