# random greedy certified ratio vs k; n=500, 3 seed(s); mean (and sd) over seeds; nan = not shown
k dual dual_sd topk topk_sd total total_sd opt opt_sd
1 1.00000 0.00000 1.00000 0.00000 0.00295 0.00006 1.00000 0.00000
10 0.96993 0.00207 0.96668 0.00219 0.02749 0.00030 nan nan
20 0.94249 0.00234 0.93926 0.00308 0.05247 0.00040 nan nan
30 0.91848 0.00298 0.91514 0.00334 0.07556 0.00041 nan nan
40 0.89498 0.00270 0.89075 0.00334 0.09687 0.00039 nan nan
50 0.87451 0.00174 0.86877 0.00218 0.11674 0.00042 nan nan
60 0.85576 0.00168 0.84844 0.00176 0.13526 0.00045 nan nan
70 0.83731 0.00190 0.82893 0.00196 0.15250 0.00042 nan nan
80 0.82049 0.00135 0.81074 0.00156 0.16875 0.00049 nan nan
90 0.80355 0.00179 0.79225 0.00216 0.18382 0.00045 nan nan
100 0.78766 0.00152 0.77460 0.00193 0.19793 0.00039 nan nan
110 0.77285 0.00121 0.75724 0.00194 0.21109 0.00037 nan nan
120 0.75905 0.00105 0.74036 0.00194 0.22338 0.00032 nan nan
130 0.74567 0.00085 0.72364 0.00191 0.23474 0.00029 nan nan
140 0.73466 0.00071 0.70785 0.00189 0.24541 0.00023 nan nan
150 0.72397 0.00053 0.69226 0.00161 0.25524 0.00027 nan nan
160 0.71256 0.00065 0.67687 0.00151 0.26426 0.00017 nan nan
170 0.70102 0.00065 0.66206 0.00129 0.27265 0.00015 nan nan
180 0.68903 0.00054 0.64743 0.00121 0.28033 0.00015 nan nan
190 0.67710 0.00065 0.63322 0.00119 0.28745 0.00011 nan nan
200 0.66479 0.00060 0.61898 0.00081 0.29384 0.00020 nan nan
210 0.65247 0.00055 0.60508 0.00094 0.29969 0.00015 nan nan
220 0.63994 0.00050 0.59126 0.00086 0.30490 0.00015 nan nan
230 0.62775 0.00057 0.57794 0.00081 0.30967 0.00007 nan nan
240 0.61552 0.00050 0.56481 0.00061 0.31387 0.00011 nan nan
250 0.60319 0.00039 0.55184 0.00047 0.31749 0.00012 nan nan
