# random greedy certified ratio vs k; n=20, 10 seed(s); mean (and sd) over seeds; nan = not shown
k dual dual_sd topk topk_sd total total_sd opt opt_sd
1 1.00000 0.00000 1.00000 0.00000 nan nan 1.00000 0.00000
2 0.95459 0.01045 0.94232 0.00842 nan nan 0.99096 0.00710
3 0.90829 0.00856 0.89445 0.00749 nan nan 0.98562 0.00512
4 0.86420 0.00754 0.85073 0.00696 nan nan 0.98335 0.00380
5 0.82372 0.00703 0.80921 0.00830 nan nan 0.98320 0.00320
6 0.78672 0.00618 0.76859 0.00853 nan nan 0.98365 0.00274
7 0.75330 0.00539 0.72935 0.00898 nan nan 0.98317 0.00217
8 0.71884 0.00493 0.69059 0.00991 nan nan 0.98296 0.00234
9 0.68435 0.00367 0.65291 0.01041 nan nan 0.98410 0.00221
10 0.64966 0.00305 0.61633 0.01025 nan nan 0.98493 0.00175
11 0.61310 0.00273 0.57853 0.00992 nan nan 0.98252 0.00154
12 0.57670 0.00295 0.54031 0.00895 nan nan 0.97711 0.00079
13 0.54360 0.00375 0.50529 0.00774 nan nan 0.97437 0.00078
14 0.53870 0.00158 0.47376 0.00668 nan nan 0.97565 0.00058
15 0.53944 0.00166 0.44595 0.00578 nan nan 0.97699 0.00084
16 0.53997 0.00172 0.42161 0.00442 nan nan 0.97795 0.00079
17 0.54015 0.00164 0.39992 0.00306 nan nan 0.97827 0.00072
18 0.54012 0.00177 0.38054 0.00223 nan nan 0.97822 0.00080
19 0.53994 0.00154 0.36369 0.00120 nan nan 0.97790 0.00093
20 0.53973 0.00155 0.34888 0.00037 nan nan 0.97752 0.00110
