# random greedy certified ratio vs k; n=20, 10 seed(s); mean (and sd) over seeds; nan = not shown
k dual dual_sd topk topk_sd total total_sd opt opt_sd
1 1.00000 0.00000 1.00000 0.00000 0.05245 0.00168 1.00000 0.00000
2 0.93834 0.01372 0.92480 0.00930 0.09545 0.00254 0.99050 0.00655
3 0.87589 0.01093 0.86144 0.00857 0.13136 0.00288 0.98592 0.00531
4 0.81857 0.00967 0.80267 0.00857 0.16113 0.00301 0.98357 0.00458
5 0.76831 0.00798 0.74674 0.00981 0.18531 0.00292 0.98422 0.00321
6 0.71603 0.00780 0.69212 0.01007 0.20419 0.00259 0.98405 0.00225
7 0.66422 0.00768 0.63954 0.01052 0.21817 0.00215 0.98468 0.00186
8 0.61327 0.00748 0.58797 0.01105 0.22742 0.00161 0.98601 0.00209
9 0.56271 0.00690 0.53783 0.01078 0.23227 0.00127 0.98569 0.00133
10 0.51324 0.00548 0.48925 0.00953 0.23299 0.00121 0.98259 0.00115
11 0.47107 0.00370 0.44758 0.00831 0.23283 0.00119 0.98194 0.00116
12 0.43565 0.00229 0.41273 0.00707 0.23257 0.00122 0.98085 0.00127
13 0.40575 0.00214 0.38356 0.00591 0.23240 0.00127 0.98012 0.00118
14 0.38096 0.00227 0.35848 0.00503 0.23225 0.00131 0.97949 0.00150
15 0.36061 0.00221 0.33688 0.00413 0.23213 0.00135 0.97898 0.00164
16 0.35934 0.00039 0.31824 0.00304 0.23212 0.00136 0.97892 0.00167
17 0.35934 0.00047 0.30185 0.00211 0.23212 0.00134 0.97892 0.00155
18 0.35929 0.00049 0.28726 0.00142 0.23209 0.00131 0.97880 0.00150
19 0.35927 0.00051 0.27470 0.00066 0.23207 0.00133 0.97874 0.00148
20 0.35924 0.00045 0.26369 0.00017 0.23206 0.00138 0.97866 0.00166
