# random greedy certified ratio vs k; n=500, 3 seed(s); mean (and sd) over seeds; nan = not shown
k dual dual_sd topk topk_sd total total_sd opt opt_sd lp lp_sd gamma1 gamma1_sd mu2 mu2_sd mu3 mu3_sd marg marg_sd hyb hyb_sd best best_sd
1 1.00000 0.00000 1.00000 0.00000 0.00295 0.00006 1.00000 0.00000 1.00000 0.00000 0.00395 0.00008 0.00445 0.00009 0.00446 0.00009 1.00000 0.00000 1.00000 0.00000 1.00000 0.00000
10 0.96993 0.00207 0.96668 0.00219 0.02749 0.00030 nan nan 0.96714 0.00214 0.03676 0.00041 0.04146 0.00047 0.04154 0.00045 0.96668 0.00219 0.96716 0.00215 0.96993 0.00207
20 0.94249 0.00234 0.93926 0.00308 0.05247 0.00040 nan nan 0.94068 0.00275 0.07016 0.00054 0.07915 0.00065 0.07928 0.00058 0.93926 0.00308 0.94078 0.00268 0.94249 0.00234
30 0.91848 0.00298 0.91514 0.00334 0.07556 0.00041 nan nan 0.91754 0.00304 0.10104 0.00055 0.11398 0.00067 0.11418 0.00057 0.91514 0.00334 0.91767 0.00300 0.91848 0.00298
40 0.89498 0.00270 0.89075 0.00334 0.09687 0.00039 nan nan 0.89454 0.00274 0.12955 0.00054 0.14614 0.00068 0.14639 0.00053 0.89075 0.00334 0.89482 0.00266 0.89498 0.00270
50 0.87451 0.00174 0.86877 0.00218 0.11674 0.00042 nan nan 0.87428 0.00146 0.15611 0.00058 0.17610 0.00075 0.17640 0.00056 0.86877 0.00218 0.87489 0.00152 0.87489 0.00152
60 0.85576 0.00168 0.84844 0.00176 0.13526 0.00045 nan nan 0.85604 0.00127 0.18089 0.00061 0.20405 0.00080 0.20440 0.00057 0.84844 0.00176 0.85683 0.00136 0.85683 0.00136
70 0.83731 0.00190 0.82893 0.00196 0.15250 0.00042 nan nan 0.83838 0.00157 0.20394 0.00058 0.23005 0.00079 0.23045 0.00051 0.82893 0.00196 0.83916 0.00157 0.83916 0.00157
80 0.82049 0.00135 0.81074 0.00156 0.16875 0.00049 nan nan 0.82189 0.00125 0.22568 0.00067 0.25458 0.00091 0.25501 0.00061 0.81074 0.00156 0.82313 0.00108 0.82313 0.00108
90 0.80355 0.00179 0.79225 0.00216 0.18382 0.00045 nan nan 0.80544 0.00165 0.24582 0.00060 0.27730 0.00086 0.27777 0.00049 0.79225 0.00216 0.80699 0.00157 0.80699 0.00157
100 0.78766 0.00152 0.77460 0.00193 0.19793 0.00039 nan nan 0.78960 0.00154 0.26469 0.00053 0.29859 0.00079 0.29910 0.00041 0.77460 0.00193 0.79173 0.00139 0.79173 0.00139
110 0.77285 0.00121 0.75724 0.00194 0.21109 0.00037 nan nan 0.77433 0.00153 0.28229 0.00051 0.31844 0.00078 0.31898 0.00037 0.75724 0.00194 0.77753 0.00112 0.77753 0.00112
120 0.75905 0.00105 0.74036 0.00194 0.22338 0.00032 nan nan 0.76008 0.00136 0.29872 0.00043 0.33698 0.00070 0.33755 0.00029 0.74036 0.00194 0.76429 0.00098 0.76429 0.00098
130 0.74567 0.00085 0.72364 0.00191 0.23474 0.00029 nan nan 0.74618 0.00098 0.31392 0.00040 0.35412 0.00068 0.35472 0.00025 0.72364 0.00191 0.75140 0.00084 0.75140 0.00084
140 0.73466 0.00071 0.70785 0.00189 0.24541 0.00023 nan nan 0.73329 0.00082 0.32819 0.00032 0.37021 0.00060 0.37085 0.00018 0.70785 0.00189 0.74054 0.00069 0.74054 0.00069
150 0.72397 0.00053 0.69226 0.00161 0.25524 0.00027 nan nan 0.72046 0.00057 0.34133 0.00036 0.38504 0.00067 0.38570 0.00015 0.69226 0.00161 0.73050 0.00047 0.73050 0.00047
160 0.71256 0.00065 0.67687 0.00151 0.26426 0.00017 nan nan 0.70766 0.00070 0.35340 0.00025 0.39865 0.00052 0.39933 0.00016 0.67687 0.00151 0.71986 0.00062 0.71986 0.00062
170 0.70102 0.00065 0.66206 0.00129 0.27265 0.00015 nan nan 0.69538 0.00068 0.36461 0.00023 0.41131 0.00050 0.41201 0.00018 0.66206 0.00129 0.70906 0.00065 0.70906 0.00065
180 0.68903 0.00054 0.64743 0.00121 0.28033 0.00015 nan nan 0.68375 0.00038 0.37489 0.00019 0.42289 0.00050 0.42362 0.00007 0.64743 0.00121 0.69789 0.00049 0.69789 0.00049
190 0.67710 0.00065 0.63322 0.00119 0.28745 0.00011 nan nan 0.67298 0.00039 0.38440 0.00013 0.43363 0.00044 0.43437 0.00014 0.63322 0.00119 0.68674 0.00061 0.68674 0.00061
200 0.66479 0.00060 0.61898 0.00081 0.29384 0.00020 nan nan 0.66234 0.00043 0.39295 0.00029 0.44327 0.00059 0.44403 0.00018 0.61898 0.00081 0.67527 0.00074 0.67527 0.00074
210 0.65247 0.00055 0.60508 0.00094 0.29969 0.00015 nan nan 0.65228 0.00021 0.40077 0.00017 0.45210 0.00050 0.45287 0.00015 0.60508 0.00094 0.66387 0.00056 0.66387 0.00056
220 0.63994 0.00050 0.59126 0.00086 0.30490 0.00015 nan nan 0.64241 0.00042 0.40774 0.00016 0.45996 0.00049 0.46074 0.00017 0.59126 0.00086 0.65227 0.00059 0.65227 0.00059
230 0.62775 0.00057 0.57794 0.00081 0.30967 0.00007 nan nan 0.63341 0.00070 0.41413 0.00010 0.46716 0.00042 0.46796 0.00023 0.57794 0.00081 0.64123 0.00071 0.64123 0.00071
240 0.61552 0.00050 0.56481 0.00061 0.31387 0.00011 nan nan 0.62461 0.00054 0.41975 0.00013 0.47350 0.00047 0.47431 0.00017 0.56481 0.00061 0.63078 0.00040 0.63078 0.00040
250 0.60319 0.00039 0.55184 0.00047 0.31749 0.00012 nan nan 0.61607 0.00036 0.42458 0.00016 0.47895 0.00051 0.47977 0.00015 0.55184 0.00047 0.62060 0.00029 0.62060 0.00029
