# random greedy certified ratio vs k; n=500, 3 seed(s); mean (and sd) over seeds; nan = not shown
k dual dual_sd topk topk_sd total total_sd opt opt_sd lp lp_sd gamma1 gamma1_sd mu2 mu2_sd mu3 mu3_sd
1 1.00000 0.00000 1.00000 0.00000 0.00295 0.00006 1.00000 0.00000 1.00000 0.00000 0.00394 0.00008 0.00396 0.00009 0.00397 0.00008
10 0.96252 0.00221 0.95921 0.00228 0.02723 0.00029 nan nan 0.95967 0.00221 0.03645 0.00040 0.03662 0.00042 0.03664 0.00039
20 0.92823 0.00259 0.92459 0.00339 0.05157 0.00037 nan nan 0.92597 0.00307 0.06903 0.00051 0.06935 0.00054 0.06939 0.00050
30 0.89781 0.00327 0.89388 0.00364 0.07368 0.00036 nan nan 0.89618 0.00336 0.09863 0.00050 0.09909 0.00055 0.09915 0.00048
40 0.86874 0.00261 0.86336 0.00353 0.09375 0.00035 nan nan 0.86698 0.00296 0.12549 0.00048 0.12607 0.00053 0.12614 0.00046
50 0.84293 0.00183 0.83547 0.00247 0.11208 0.00036 nan nan 0.84067 0.00178 0.15003 0.00050 0.15072 0.00055 0.15082 0.00048
60 0.81905 0.00185 0.80943 0.00202 0.12884 0.00038 nan nan 0.81654 0.00154 0.17246 0.00052 0.17326 0.00057 0.17336 0.00050
70 0.79577 0.00203 0.78446 0.00220 0.14408 0.00035 nan nan 0.79319 0.00183 0.19286 0.00048 0.19376 0.00052 0.19387 0.00047
80 0.77435 0.00151 0.76086 0.00184 0.15811 0.00039 nan nan 0.77101 0.00159 0.21164 0.00054 0.21262 0.00059 0.21275 0.00052
90 0.75388 0.00159 0.73722 0.00229 0.17076 0.00035 nan nan 0.74909 0.00186 0.22858 0.00048 0.22964 0.00049 0.22978 0.00047
100 0.73625 0.00113 0.71461 0.00206 0.18229 0.00029 nan nan 0.72793 0.00177 0.24401 0.00041 0.24514 0.00046 0.24529 0.00039
110 0.71905 0.00102 0.69240 0.00204 0.19268 0.00027 nan nan 0.70734 0.00177 0.25792 0.00038 0.25912 0.00041 0.25927 0.00037
120 0.70126 0.00093 0.67077 0.00204 0.20203 0.00021 nan nan 0.68782 0.00158 0.27044 0.00030 0.27169 0.00037 0.27186 0.00028
130 0.68292 0.00070 0.64949 0.00197 0.21032 0.00019 nan nan 0.66869 0.00122 0.28153 0.00027 0.28283 0.00036 0.28300 0.00025
140 0.66467 0.00062 0.62911 0.00187 0.21773 0.00014 nan nan 0.65042 0.00099 0.29145 0.00021 0.29280 0.00034 0.29298 0.00019
150 0.64617 0.00059 0.60911 0.00163 0.22419 0.00016 nan nan 0.63236 0.00077 0.30009 0.00023 0.30148 0.00029 0.30166 0.00023
160 0.62755 0.00051 0.58949 0.00146 0.22974 0.00009 nan nan 0.61449 0.00065 0.30753 0.00014 0.30895 0.00030 0.30914 0.00013
170 0.60900 0.00038 0.57048 0.00125 0.23451 0.00008 nan nan 0.59707 0.00056 0.31392 0.00013 0.31537 0.00030 0.31556 0.00012
180 0.59049 0.00034 0.55177 0.00116 0.23848 0.00009 nan nan 0.58006 0.00043 0.31923 0.00011 0.32071 0.00024 0.32090 0.00013
190 0.57221 0.00023 0.53350 0.00106 0.24174 0.00007 nan nan 0.56375 0.00030 0.32359 0.00009 0.32509 0.00025 0.32529 0.00011
200 0.55404 0.00013 0.51547 0.00092 0.24426 0.00006 nan nan 0.54772 0.00015 0.32696 0.00009 0.32847 0.00028 0.32867 0.00009
210 0.53611 0.00016 0.49782 0.00088 0.24611 0.00006 nan nan 0.53199 0.00005 0.32944 0.00006 0.33097 0.00024 0.33117 0.00011
220 0.51843 0.00021 0.48048 0.00081 0.24732 0.00004 nan nan 0.51650 0.00009 0.33105 0.00004 0.33263 0.00020 0.33279 0.00008
230 0.50101 0.00027 0.46358 0.00074 0.24794 0.00003 nan nan 0.50130 0.00015 0.33188 0.00002 0.33346 0.00020 0.33362 0.00007
240 0.48414 0.00032 0.44728 0.00064 0.24810 0.00002 nan nan 0.48658 0.00023 0.33210 0.00001 0.33368 0.00023 0.33384 0.00005
250 0.46835 0.00028 0.43212 0.00051 0.24815 0.00003 nan nan 0.47297 0.00021 0.33217 0.00003 0.33374 0.00021 0.33391 0.00006
