# random greedy certified ratio vs k; n=20, 10 seed(s); mean (and sd) over seeds; nan = not shown
k dual dual_sd topk topk_sd total total_sd opt opt_sd lp lp_sd gamma1 gamma1_sd mu2 mu2_sd mu3 mu3_sd marg marg_sd hyb hyb_sd best best_sd
1 1.00000 0.00000 1.00000 0.00000 0.05245 0.00168 1.00000 0.00000 1.00000 0.00000 0.07459 0.00253 0.08036 0.00260 0.07865 0.00286 1.00000 0.00000 1.00000 0.00000 1.00000 0.00000
2 0.93834 0.01372 0.92480 0.00930 0.09545 0.00254 0.99050 0.00655 0.92690 0.00820 0.13574 0.00351 0.14624 0.00371 0.14311 0.00399 0.92480 0.00930 0.92770 0.00755 0.93842 0.01367
3 0.87589 0.01093 0.86144 0.00857 0.13136 0.00288 0.98592 0.00531 0.86576 0.00719 0.18680 0.00366 0.20126 0.00400 0.19695 0.00444 0.86144 0.00857 0.86671 0.00704 0.87597 0.01085
4 0.81857 0.00967 0.80267 0.00857 0.16113 0.00301 0.98357 0.00458 0.80920 0.00792 0.22913 0.00359 0.24686 0.00402 0.24157 0.00472 0.80267 0.00857 0.81089 0.00743 0.81857 0.00967
5 0.76831 0.00798 0.74674 0.00981 0.18531 0.00292 0.98422 0.00321 0.75512 0.00861 0.26351 0.00328 0.28390 0.00375 0.27782 0.00474 0.74674 0.00981 0.76045 0.00654 0.76831 0.00798
6 0.71603 0.00780 0.69212 0.01007 0.20419 0.00259 0.98405 0.00225 0.70276 0.00883 0.29035 0.00277 0.31283 0.00312 0.30612 0.00437 0.69212 0.01007 0.71110 0.00676 0.71603 0.00780
7 0.66422 0.00768 0.63954 0.01052 0.21817 0.00215 0.98468 0.00186 0.65179 0.00918 0.31024 0.00215 0.33425 0.00235 0.32709 0.00399 0.63954 0.01052 0.66146 0.00718 0.66427 0.00764
8 0.61327 0.00748 0.58797 0.01105 0.22742 0.00161 0.98601 0.00209 0.60246 0.00907 0.32340 0.00164 0.35011 0.00139 0.34096 0.00358 0.58797 0.01105 0.61231 0.00734 0.61372 0.00740
9 0.56271 0.00690 0.53783 0.01078 0.23227 0.00127 0.98569 0.00133 0.55499 0.00759 0.33031 0.00152 0.35765 0.00084 0.34824 0.00348 0.53783 0.01078 0.56321 0.00674 0.56378 0.00690
10 0.51324 0.00548 0.48925 0.00953 0.23299 0.00121 0.98259 0.00115 0.50953 0.00548 0.33132 0.00148 0.35875 0.00075 0.35304 0.00314 0.48925 0.00953 0.51492 0.00531 0.51503 0.00539
11 0.47107 0.00370 0.44758 0.00831 0.23283 0.00119 0.98194 0.00116 0.47202 0.00320 0.33110 0.00153 0.35851 0.00069 0.35280 0.00318 0.44758 0.00831 0.47487 0.00314 0.47487 0.00314
12 0.43565 0.00229 0.41273 0.00707 0.23257 0.00122 0.98085 0.00127 0.44241 0.00225 0.33073 0.00153 0.35811 0.00066 0.35241 0.00322 0.41273 0.00707 0.44343 0.00229 0.44343 0.00229
13 0.40575 0.00214 0.38356 0.00591 0.23240 0.00127 0.98012 0.00118 0.43373 0.00477 0.33049 0.00150 0.35785 0.00067 0.35215 0.00324 0.38356 0.00591 0.43373 0.00477 0.43373 0.00477
14 0.38096 0.00227 0.35848 0.00503 0.23225 0.00131 0.97949 0.00150 0.43345 0.00485 0.33027 0.00156 0.35762 0.00058 0.35192 0.00331 0.35993 0.00236 0.43345 0.00485 0.43345 0.00485
15 0.36061 0.00221 0.33688 0.00413 0.23213 0.00135 0.97898 0.00164 0.43322 0.00484 0.33010 0.00149 0.35743 0.00057 0.35174 0.00332 0.35743 0.00057 0.43322 0.00484 0.43322 0.00484
16 0.35934 0.00039 0.31824 0.00304 0.23212 0.00136 0.97892 0.00167 0.43320 0.00487 0.33008 0.00153 0.35741 0.00063 0.35172 0.00332 0.35741 0.00063 0.43320 0.00487 0.43320 0.00487
17 0.35934 0.00047 0.30185 0.00211 0.23212 0.00134 0.97892 0.00155 0.43319 0.00475 0.33008 0.00147 0.35741 0.00070 0.35172 0.00327 0.35741 0.00070 0.43319 0.00475 0.43319 0.00475
18 0.35929 0.00049 0.28726 0.00142 0.23209 0.00131 0.97880 0.00150 0.43314 0.00475 0.33004 0.00150 0.35737 0.00064 0.35167 0.00326 0.35737 0.00064 0.43314 0.00475 0.43314 0.00475
19 0.35927 0.00051 0.27470 0.00066 0.23207 0.00133 0.97874 0.00148 0.43311 0.00474 0.33002 0.00146 0.35734 0.00069 0.35165 0.00327 0.35734 0.00069 0.43311 0.00474 0.43311 0.00474
20 0.35924 0.00045 0.26369 0.00017 0.23206 0.00138 0.97866 0.00166 0.43308 0.00481 0.32999 0.00144 0.35731 0.00067 0.35162 0.00333 0.35731 0.00067 0.43308 0.00481 0.43308 0.00481
