# random greedy certified ratio vs k; n=20, 10 seed(s); mean (and sd) over seeds; nan = not shown
k dual dual_sd topk topk_sd total total_sd opt opt_sd lp lp_sd gamma1 gamma1_sd mu2 mu2_sd mu3 mu3_sd marg marg_sd
1 1.00000 0.00000 1.00000 0.00000 0.05395 0.00168 1.00000 0.00000 1.00000 0.00000 0.07533 0.00242 0.09109 0.00257 0.09044 0.00296 1.00000 0.00000
2 0.95459 0.01045 0.94232 0.00842 0.10009 0.00259 0.99096 0.00710 0.94440 0.00731 0.13974 0.00361 0.16898 0.00363 0.16778 0.00397 0.94232 0.00842
3 0.90829 0.00856 0.89445 0.00749 0.14043 0.00306 0.98562 0.00512 0.89886 0.00593 0.19605 0.00408 0.23709 0.00403 0.23539 0.00439 0.89445 0.00749
4 0.86420 0.00754 0.85073 0.00696 0.17589 0.00338 0.98335 0.00380 0.85762 0.00613 0.24557 0.00441 0.29697 0.00426 0.29484 0.00470 0.85073 0.00696
5 0.82372 0.00703 0.80921 0.00830 0.20689 0.00349 0.98320 0.00320 0.81827 0.00681 0.28885 0.00445 0.34931 0.00422 0.34681 0.00470 0.80921 0.00830
6 0.78672 0.00618 0.76859 0.00853 0.23368 0.00340 0.98365 0.00274 0.78061 0.00681 0.32625 0.00425 0.39454 0.00381 0.39171 0.00448 0.76859 0.00853
7 0.75330 0.00539 0.72935 0.00898 0.25649 0.00311 0.98317 0.00217 0.74385 0.00726 0.35809 0.00390 0.43305 0.00314 0.42994 0.00393 0.72935 0.00898
8 0.71884 0.00493 0.69059 0.00991 0.27543 0.00254 0.98296 0.00234 0.70881 0.00728 0.38453 0.00326 0.46503 0.00212 0.46170 0.00314 0.69059 0.00991
9 0.68435 0.00367 0.65291 0.01041 0.29081 0.00200 0.98410 0.00221 0.67637 0.00546 0.40602 0.00270 0.49101 0.00146 0.48749 0.00282 0.65291 0.01041
10 0.64966 0.00305 0.61633 0.01025 0.30277 0.00157 0.98493 0.00175 0.64704 0.00358 0.42271 0.00243 0.51120 0.00155 0.50753 0.00267 0.61633 0.01025
11 0.61310 0.00273 0.57853 0.00992 0.31051 0.00120 0.98252 0.00154 0.61843 0.00283 0.43351 0.00221 0.52454 0.00153 0.52051 0.00295 0.57853 0.00992
12 0.57670 0.00295 0.54031 0.00895 0.31420 0.00106 0.97711 0.00079 0.61309 0.00260 0.43867 0.00226 0.53322 0.00121 0.52670 0.00303 0.54154 0.00607
13 0.54360 0.00375 0.50529 0.00774 0.31601 0.00104 0.97437 0.00078 0.63400 0.00276 0.44120 0.00225 0.53630 0.00129 0.52974 0.00293 0.53627 0.00125
14 0.53870 0.00158 0.47376 0.00668 0.31688 0.00097 0.97565 0.00058 0.63574 0.00281 0.44242 0.00219 0.53778 0.00141 0.53120 0.00297 0.53774 0.00138
15 0.53944 0.00166 0.44595 0.00578 0.31732 0.00094 0.97699 0.00084 0.63662 0.00261 0.44303 0.00237 0.53852 0.00140 0.53194 0.00323 0.53848 0.00138
16 0.53997 0.00172 0.42161 0.00442 0.31763 0.00093 0.97795 0.00079 0.63724 0.00265 0.44346 0.00244 0.53905 0.00145 0.53246 0.00320 0.53901 0.00142
17 0.54015 0.00164 0.39992 0.00306 0.31773 0.00097 0.97827 0.00072 0.63745 0.00279 0.44361 0.00215 0.53923 0.00145 0.53263 0.00307 0.53919 0.00142
18 0.54012 0.00177 0.38054 0.00223 0.31772 0.00089 0.97822 0.00080 0.63742 0.00265 0.44359 0.00236 0.53920 0.00154 0.53260 0.00326 0.53916 0.00151
19 0.53994 0.00154 0.36369 0.00120 0.31761 0.00101 0.97790 0.00093 0.63721 0.00274 0.44344 0.00220 0.53902 0.00134 0.53243 0.00316 0.53898 0.00130
20 0.53973 0.00155 0.34888 0.00037 0.31749 0.00105 0.97752 0.00110 0.63696 0.00270 0.44327 0.00236 0.53881 0.00134 0.53222 0.00304 0.53877 0.00130
