# random greedy certified ratio vs k; n=500, 3 seed(s); mean (and sd) over seeds; nan = not shown
k dual dual_sd topk topk_sd total total_sd opt opt_sd
1 1.00000 0.00000 1.00000 0.00000 nan nan 1.00000 0.00000
10 0.96252 0.00221 0.95921 0.00228 nan nan nan nan
20 0.92823 0.00259 0.92459 0.00339 nan nan nan nan
30 0.89781 0.00327 0.89388 0.00364 nan nan nan nan
40 0.86874 0.00261 0.86336 0.00353 nan nan nan nan
50 0.84293 0.00183 0.83547 0.00247 nan nan nan nan
60 0.81905 0.00185 0.80943 0.00202 nan nan nan nan
70 0.79577 0.00203 0.78446 0.00220 nan nan nan nan
80 0.77435 0.00151 0.76086 0.00184 nan nan nan nan
90 0.75388 0.00159 0.73722 0.00229 nan nan nan nan
100 0.73625 0.00113 0.71461 0.00206 nan nan nan nan
110 0.71905 0.00102 0.69240 0.00204 nan nan nan nan
120 0.70126 0.00093 0.67077 0.00204 nan nan nan nan
130 0.68292 0.00070 0.64949 0.00197 nan nan nan nan
140 0.66467 0.00062 0.62911 0.00187 nan nan nan nan
150 0.64617 0.00059 0.60911 0.00163 nan nan nan nan
160 0.62755 0.00051 0.58949 0.00146 nan nan nan nan
170 0.60900 0.00038 0.57048 0.00125 nan nan nan nan
180 0.59049 0.00034 0.55177 0.00116 nan nan nan nan
190 0.57221 0.00023 0.53350 0.00106 nan nan nan nan
200 0.55404 0.00013 0.51547 0.00092 nan nan nan nan
210 0.53611 0.00016 0.49782 0.00088 nan nan nan nan
220 0.51843 0.00021 0.48048 0.00081 nan nan nan nan
230 0.50101 0.00027 0.46358 0.00074 nan nan nan nan
240 0.48414 0.00032 0.44728 0.00064 nan nan nan nan
250 0.46835 0.00028 0.43212 0.00051 nan nan nan nan
