# random greedy certified ratio vs k; n=52, 1 seed(s); mean (and sd) over seeds; nan = not shown
k dual dual_sd topk topk_sd total total_sd opt opt_sd
1 1.00000 0.00000 1.00000 0.00000 nan nan 1.00000 0.00000
2 0.88616 0.00000 0.86554 0.00000 nan nan 0.99473 0.00000
3 0.80797 0.00000 0.78015 0.00000 nan nan 0.96367 0.00000
4 0.73866 0.00000 0.70374 0.00000 nan nan 0.95462 0.00000
5 0.69864 0.00000 0.65748 0.00000 nan nan 0.95544 0.00000
6 0.66786 0.00000 0.62190 0.00000 nan nan nan nan
7 0.64022 0.00000 0.59083 0.00000 nan nan nan nan
8 0.61949 0.00000 0.56420 0.00000 nan nan nan nan
9 0.60767 0.00000 0.53472 0.00000 nan nan nan nan
10 0.59620 0.00000 0.50958 0.00000 nan nan nan nan
11 0.58360 0.00000 0.48594 0.00000 nan nan nan nan
12 0.56933 0.00000 0.46460 0.00000 nan nan nan nan
13 0.55573 0.00000 0.44500 0.00000 nan nan nan nan
14 0.54768 0.00000 0.42696 0.00000 nan nan nan nan
15 0.53878 0.00000 0.41006 0.00000 nan nan nan nan
16 0.52806 0.00000 0.39355 0.00000 nan nan nan nan
17 0.51761 0.00000 0.37816 0.00000 nan nan nan nan
18 0.50712 0.00000 0.36362 0.00000 nan nan nan nan
19 0.49607 0.00000 0.34958 0.00000 nan nan nan nan
20 0.48548 0.00000 0.33653 0.00000 nan nan nan nan
21 0.47381 0.00000 0.32362 0.00000 nan nan nan nan
22 0.46367 0.00000 0.31195 0.00000 nan nan nan nan
23 0.45373 0.00000 0.30039 0.00000 nan nan nan nan
24 0.44436 0.00000 0.28973 0.00000 nan nan nan nan
25 0.43571 0.00000 0.27968 0.00000 nan nan nan nan
26 0.42692 0.00000 0.27002 0.00000 nan nan nan nan
27 0.41835 0.00000 0.26084 0.00000 nan nan nan nan
28 0.41157 0.00000 0.25299 0.00000 nan nan nan nan
29 0.40368 0.00000 0.24473 0.00000 nan nan nan nan
30 0.39713 0.00000 0.23761 0.00000 nan nan nan nan
31 0.38992 0.00000 0.23027 0.00000 nan nan nan nan
32 0.38514 0.00000 0.22411 0.00000 nan nan nan nan
33 0.38157 0.00000 0.21781 0.00000 nan nan nan nan
34 0.37772 0.00000 0.21160 0.00000 nan nan nan nan
35 0.37564 0.00000 0.20635 0.00000 nan nan nan nan
36 0.37451 0.00000 0.20123 0.00000 nan nan nan nan
37 0.37405 0.00000 0.19609 0.00000 nan nan nan nan
38 0.37382 0.00000 0.19131 0.00000 nan nan nan nan
39 0.37349 0.00000 0.18672 0.00000 nan nan nan nan
40 0.37349 0.00000 0.18253 0.00000 nan nan nan nan
41 0.37323 0.00000 0.17844 0.00000 nan nan nan nan
42 0.37380 0.00000 0.17495 0.00000 nan nan nan nan
43 0.37314 0.00000 0.17108 0.00000 nan nan nan nan
44 0.37318 0.00000 0.16767 0.00000 nan nan nan nan
45 0.37289 0.00000 0.16425 0.00000 nan nan nan nan
46 0.37295 0.00000 0.16114 0.00000 nan nan nan nan
47 0.37263 0.00000 0.15799 0.00000 nan nan nan nan
48 0.37240 0.00000 0.15509 0.00000 nan nan nan nan
49 0.37319 0.00000 0.15277 0.00000 nan nan nan nan
50 0.37258 0.00000 0.15002 0.00000 nan nan nan nan
51 0.37290 0.00000 0.14783 0.00000 nan nan nan nan
52 0.37305 0.00000 0.14587 0.00000 nan nan nan nan
