# random greedy certified ratio vs k; n=20, 10 seed(s); mean (and sd) over seeds; nan = not shown
k dual dual_sd topk topk_sd total total_sd opt opt_sd lp lp_sd gamma1 gamma1_sd mu2 mu2_sd mu3 mu3_sd marg marg_sd
1 1.00000 0.00000 1.00000 0.00000 nan nan 1.00000 0.00000 1.00000 0.00000 0.08597 0.01135 0.11442 0.01251 0.11560 0.01437 1.00000 0.00000
2 0.95597 0.03127 0.89607 0.06028 nan nan 0.97894 0.00787 0.93749 0.04486 0.15040 0.01608 0.20065 0.01591 0.20203 0.01688 0.89607 0.06028
3 0.90442 0.05070 0.84619 0.06060 nan nan 0.95374 0.01726 0.89035 0.06162 0.20204 0.02018 0.27262 0.02171 0.27140 0.02042 0.84619 0.06060
4 0.84815 0.05257 0.78812 0.05786 nan nan 0.92663 0.02325 0.83901 0.06866 0.24094 0.02031 0.33322 0.02088 0.32380 0.02014 0.78812 0.05786
5 0.79191 0.05621 0.73054 0.06548 nan nan 0.91379 0.02611 0.78988 0.07169 0.26941 0.01765 0.37784 0.01561 0.36224 0.01694 0.73054 0.06548
6 0.73215 0.05621 0.67361 0.06370 nan nan 0.89683 0.01849 0.74311 0.06878 0.28814 0.01428 0.40559 0.01105 0.38757 0.01386 0.67495 0.06038
7 0.67663 0.05115 0.61687 0.06219 nan nan 0.88537 0.01446 0.70038 0.06216 0.29922 0.01169 0.42130 0.00860 0.40261 0.01287 0.62076 0.05306
8 0.62417 0.04568 0.56404 0.05701 nan nan 0.87343 0.01387 0.66063 0.05523 0.30399 0.01009 0.42807 0.00710 0.40910 0.01313 0.56910 0.04541
9 0.57967 0.04164 0.51943 0.05042 nan nan 0.87250 0.01218 0.63340 0.05014 0.30621 0.00965 0.43121 0.00645 0.41209 0.01235 0.52457 0.03959
10 0.54298 0.03685 0.48389 0.04609 nan nan 0.87572 0.01160 0.61927 0.04762 0.30776 0.00913 0.43342 0.00703 0.41420 0.01281 0.48925 0.03535
11 0.51396 0.03136 0.45405 0.04237 nan nan 0.87632 0.01080 0.61286 0.04682 0.30796 0.00862 0.43372 0.00676 0.41447 0.01212 0.46254 0.02752
12 0.48984 0.02624 0.42950 0.03828 nan nan 0.87708 0.01090 0.61151 0.04671 0.30823 0.00845 0.43410 0.00654 0.41483 0.01202 0.44452 0.01766
13 0.47045 0.02053 0.40818 0.03439 nan nan 0.87590 0.01019 0.61069 0.04667 0.30783 0.00895 0.43352 0.00693 0.41427 0.01209 0.43541 0.00974
14 0.45547 0.01569 0.39174 0.03201 nan nan 0.87552 0.01045 0.61047 0.04740 0.30767 0.00801 0.43333 0.00700 0.41410 0.01249 0.43347 0.00708
15 0.44844 0.01144 0.37734 0.02927 nan nan 0.87410 0.01061 0.60947 0.04723 0.30717 0.00823 0.43262 0.00668 0.41343 0.01249 0.43262 0.00668
16 0.44538 0.00863 0.36604 0.02670 nan nan 0.87403 0.01085 0.60943 0.04725 0.30716 0.00852 0.43260 0.00717 0.41342 0.01307 0.43260 0.00717
17 0.44474 0.00823 0.35700 0.02440 nan nan 0.87359 0.01068 0.60909 0.04683 0.30699 0.00805 0.43237 0.00665 0.41321 0.01304 0.43237 0.00665
18 0.44361 0.00867 0.34921 0.02367 nan nan 0.87133 0.00973 0.60753 0.04669 0.30620 0.00806 0.43126 0.00675 0.41212 0.01200 0.43126 0.00675
19 0.44337 0.00853 0.34418 0.02258 nan nan 0.87087 0.00983 0.60717 0.04594 0.30604 0.00827 0.43104 0.00717 0.41190 0.01204 0.43104 0.00717
20 0.44387 0.00912 0.34216 0.02269 nan nan 0.87184 0.01032 0.60789 0.04683 0.30639 0.00848 0.43151 0.00727 0.41238 0.01283 0.43151 0.00727
