# random greedy certified ratio vs k; n=52, 1 seed(s); mean (and sd) over seeds; nan = not shown
k dual dual_sd topk topk_sd total total_sd opt opt_sd lp lp_sd gamma1 gamma1_sd mu2 mu2_sd mu3 mu3_sd
1 1.00000 0.00000 1.00000 0.00000 nan nan 1.00000 0.00000 1.00000 0.00000 0.05133 0.00000 0.04034 0.00000 0.04262 0.00000
2 0.88616 0.00000 0.86554 0.00000 nan nan 0.99473 0.00000 0.87012 0.00000 0.08863 0.00000 0.07297 0.00000 0.07359 0.00000
3 0.80797 0.00000 0.78015 0.00000 nan nan 0.96367 0.00000 0.78901 0.00000 0.11908 0.00000 0.10458 0.00000 0.09888 0.00000
4 0.73866 0.00000 0.70374 0.00000 nan nan 0.95462 0.00000 0.72161 0.00000 0.14256 0.00000 0.13128 0.00000 0.11838 0.00000
5 0.69864 0.00000 0.65748 0.00000 nan nan 0.95544 0.00000 0.68936 0.00000 0.16533 0.00000 0.16159 0.00000 0.13729 0.00000
6 0.66786 0.00000 0.62190 0.00000 nan nan nan nan 0.66525 0.00000 0.18666 0.00000 0.18634 0.00000 0.15500 0.00000
7 0.64022 0.00000 0.59083 0.00000 nan nan nan nan 0.64644 0.00000 0.20594 0.00000 0.21525 0.00000 0.17102 0.00000
8 0.61949 0.00000 0.56420 0.00000 nan nan nan nan 0.62773 0.00000 0.22364 0.00000 0.23738 0.00000 0.18571 0.00000
9 0.60767 0.00000 0.53472 0.00000 nan nan nan nan 0.60464 0.00000 0.23749 0.00000 0.25207 0.00000 0.19721 0.00000
10 0.59620 0.00000 0.50958 0.00000 nan nan nan nan 0.58823 0.00000 0.25060 0.00000 0.26598 0.00000 0.20809 0.00000
11 0.58360 0.00000 0.48594 0.00000 nan nan nan nan 0.57587 0.00000 0.26199 0.00000 0.27808 0.00000 0.21756 0.00000
12 0.56933 0.00000 0.46460 0.00000 nan nan nan nan 0.56437 0.00000 0.27168 0.00000 0.28836 0.00000 0.22560 0.00000
13 0.55573 0.00000 0.44500 0.00000 nan nan nan nan 0.55121 0.00000 0.27974 0.00000 0.29691 0.00000 0.23229 0.00000
14 0.54768 0.00000 0.42696 0.00000 nan nan nan nan 0.53889 0.00000 0.28703 0.00000 0.30466 0.00000 0.23835 0.00000
15 0.53878 0.00000 0.41006 0.00000 nan nan nan nan 0.52680 0.00000 0.29349 0.00000 0.31152 0.00000 0.24372 0.00000
16 0.52806 0.00000 0.39355 0.00000 nan nan nan nan 0.51365 0.00000 0.29854 0.00000 0.31688 0.00000 0.24791 0.00000
17 0.51761 0.00000 0.37816 0.00000 nan nan nan nan 0.50074 0.00000 0.30294 0.00000 0.32155 0.00000 0.25156 0.00000
18 0.50712 0.00000 0.36362 0.00000 nan nan nan nan 0.48877 0.00000 0.30675 0.00000 0.32559 0.00000 0.25473 0.00000
19 0.49607 0.00000 0.34958 0.00000 nan nan nan nan 0.47702 0.00000 0.30966 0.00000 0.32868 0.00000 0.25714 0.00000
20 0.48548 0.00000 0.33653 0.00000 nan nan nan nan 0.46589 0.00000 0.31223 0.00000 0.33141 0.00000 0.25928 0.00000
21 0.47381 0.00000 0.32362 0.00000 nan nan nan nan 0.45454 0.00000 0.31368 0.00000 0.33294 0.00000 0.26048 0.00000
22 0.46367 0.00000 0.31195 0.00000 nan nan nan nan 0.44464 0.00000 0.31530 0.00000 0.33466 0.00000 0.26182 0.00000
23 0.45373 0.00000 0.30039 0.00000 nan nan nan nan 0.43417 0.00000 0.31604 0.00000 0.33545 0.00000 0.26244 0.00000
24 0.44436 0.00000 0.28973 0.00000 nan nan nan nan 0.42489 0.00000 0.31675 0.00000 0.33620 0.00000 0.26303 0.00000
25 0.43571 0.00000 0.27968 0.00000 nan nan nan nan 0.41623 0.00000 0.31729 0.00000 0.33678 0.00000 0.26348 0.00000
26 0.42692 0.00000 0.27002 0.00000 nan nan nan nan 0.40841 0.00000 0.31746 0.00000 0.33695 0.00000 0.26362 0.00000
27 0.41835 0.00000 0.26084 0.00000 nan nan nan nan 0.40098 0.00000 0.31739 0.00000 0.33688 0.00000 0.26356 0.00000
28 0.41157 0.00000 0.25299 0.00000 nan nan nan nan 0.39549 0.00000 0.31825 0.00000 0.33779 0.00000 0.26427 0.00000
29 0.40368 0.00000 0.24473 0.00000 nan nan nan nan 0.38901 0.00000 0.31789 0.00000 0.33741 0.00000 0.26397 0.00000
30 0.39713 0.00000 0.23761 0.00000 nan nan nan nan 0.38494 0.00000 0.31835 0.00000 0.33790 0.00000 0.26436 0.00000
31 0.38992 0.00000 0.23027 0.00000 nan nan nan nan 0.38018 0.00000 0.31780 0.00000 0.33732 0.00000 0.26390 0.00000
32 0.38514 0.00000 0.22411 0.00000 nan nan nan nan 0.37708 0.00000 0.31828 0.00000 0.33783 0.00000 0.26430 0.00000
33 0.38157 0.00000 0.21781 0.00000 nan nan nan nan 0.37383 0.00000 0.31804 0.00000 0.33757 0.00000 0.26410 0.00000
34 0.37772 0.00000 0.21160 0.00000 nan nan nan nan 0.37082 0.00000 0.31741 0.00000 0.33690 0.00000 0.26358 0.00000
35 0.37564 0.00000 0.20635 0.00000 nan nan nan nan 0.36935 0.00000 0.31774 0.00000 0.33725 0.00000 0.26385 0.00000
36 0.37451 0.00000 0.20123 0.00000 nan nan nan nan 0.36768 0.00000 0.31780 0.00000 0.33732 0.00000 0.26390 0.00000
37 0.37405 0.00000 0.19609 0.00000 nan nan nan nan 0.36690 0.00000 0.31741 0.00000 0.33690 0.00000 0.26358 0.00000
38 0.37382 0.00000 0.19131 0.00000 nan nan nan nan 0.36668 0.00000 0.31722 0.00000 0.33670 0.00000 0.26342 0.00000
39 0.37349 0.00000 0.18672 0.00000 nan nan nan nan 0.36636 0.00000 0.31694 0.00000 0.33640 0.00000 0.26319 0.00000
40 0.37349 0.00000 0.18253 0.00000 nan nan nan nan 0.36635 0.00000 0.31694 0.00000 0.33640 0.00000 0.26318 0.00000
41 0.37323 0.00000 0.17844 0.00000 nan nan nan nan 0.36610 0.00000 0.31672 0.00000 0.33617 0.00000 0.26300 0.00000
42 0.37380 0.00000 0.17495 0.00000 nan nan nan nan 0.36666 0.00000 0.31720 0.00000 0.33668 0.00000 0.26340 0.00000
43 0.37314 0.00000 0.17108 0.00000 nan nan nan nan 0.36601 0.00000 0.31664 0.00000 0.33608 0.00000 0.26294 0.00000
44 0.37318 0.00000 0.16767 0.00000 nan nan nan nan 0.36605 0.00000 0.31667 0.00000 0.33612 0.00000 0.26296 0.00000
45 0.37289 0.00000 0.16425 0.00000 nan nan nan nan 0.36577 0.00000 0.31643 0.00000 0.33586 0.00000 0.26276 0.00000
46 0.37295 0.00000 0.16114 0.00000 nan nan nan nan 0.36583 0.00000 0.31648 0.00000 0.33592 0.00000 0.26281 0.00000
47 0.37263 0.00000 0.15799 0.00000 nan nan nan nan 0.36551 0.00000 0.31621 0.00000 0.33562 0.00000 0.26258 0.00000
48 0.37240 0.00000 0.15509 0.00000 nan nan nan nan 0.36529 0.00000 0.31601 0.00000 0.33542 0.00000 0.26242 0.00000
49 0.37319 0.00000 0.15277 0.00000 nan nan nan nan 0.36606 0.00000 0.31668 0.00000 0.33613 0.00000 0.26297 0.00000
50 0.37258 0.00000 0.15002 0.00000 nan nan nan nan 0.36546 0.00000 0.31616 0.00000 0.33558 0.00000 0.26254 0.00000
51 0.37290 0.00000 0.14783 0.00000 nan nan nan nan 0.36577 0.00000 0.31644 0.00000 0.33587 0.00000 0.26277 0.00000
52 0.37305 0.00000 0.14587 0.00000 nan nan nan nan 0.36592 0.00000 0.31657 0.00000 0.33601 0.00000 0.26288 0.00000
