# random greedy certified ratio vs k; n=100, 5 seed(s); mean (and sd) over seeds; nan = not shown
k dual dual_sd topk topk_sd total total_sd opt opt_sd
1 1.00000 0.00000 1.00000 0.00000 nan nan 1.00000 0.00000
2 0.99608 0.00309 0.99391 0.00385 nan nan 0.99871 0.00053
3 0.99163 0.00497 0.98886 0.00571 nan nan 0.99713 0.00106
4 0.98655 0.00581 0.98374 0.00642 nan nan nan nan
5 0.98048 0.00633 0.97768 0.00716 nan nan nan nan
6 0.97337 0.00627 0.97036 0.00704 nan nan nan nan
7 0.96552 0.00559 0.96225 0.00650 nan nan nan nan
8 0.95699 0.00557 0.95333 0.00642 nan nan nan nan
9 0.94796 0.00603 0.94377 0.00669 nan nan nan nan
10 0.93777 0.00708 0.93310 0.00748 nan nan nan nan
11 0.92651 0.00831 0.92141 0.00855 nan nan nan nan
12 0.91470 0.00886 0.90917 0.00895 nan nan nan nan
13 0.90179 0.00857 0.89585 0.00861 nan nan nan nan
14 0.88910 0.00960 0.88263 0.00957 nan nan nan nan
15 0.87531 0.01007 0.86838 0.01003 nan nan nan nan
16 0.86162 0.01045 0.85429 0.01044 nan nan nan nan
17 0.84798 0.01091 0.84033 0.01084 nan nan nan nan
18 0.83419 0.01136 0.82621 0.01132 nan nan nan nan
19 0.82015 0.01258 0.81186 0.01253 nan nan nan nan
20 0.80532 0.01245 0.79677 0.01242 nan nan nan nan
21 0.79161 0.01285 0.78280 0.01280 nan nan nan nan
22 0.77774 0.01383 0.76868 0.01377 nan nan nan nan
23 0.76326 0.01366 0.75395 0.01355 nan nan nan nan
24 0.74961 0.01430 0.74000 0.01407 nan nan nan nan
25 0.73566 0.01526 0.72578 0.01496 nan nan nan nan
26 0.72158 0.01509 0.71144 0.01479 nan nan nan nan
27 0.70821 0.01584 0.69778 0.01558 nan nan nan nan
28 0.69399 0.01630 0.68329 0.01584 nan nan nan nan
29 0.68071 0.01647 0.66980 0.01595 nan nan nan nan
30 0.66740 0.01672 0.65627 0.01619 nan nan nan nan
31 0.65348 0.01714 0.64217 0.01657 nan nan nan nan
32 0.64081 0.01697 0.62932 0.01641 nan nan nan nan
33 0.62788 0.01738 0.61621 0.01676 nan nan nan nan
34 0.61463 0.01743 0.60281 0.01675 nan nan nan nan
35 0.60212 0.01758 0.59018 0.01687 nan nan nan nan
36 0.58978 0.01676 0.57771 0.01601 nan nan nan nan
37 0.57801 0.01699 0.56577 0.01623 nan nan nan nan
38 0.56595 0.01661 0.55355 0.01577 nan nan nan nan
39 0.55402 0.01659 0.54147 0.01569 nan nan nan nan
40 0.54261 0.01675 0.52993 0.01583 nan nan nan nan
41 0.53182 0.01614 0.51903 0.01520 nan nan nan nan
42 0.52113 0.01594 0.50821 0.01498 nan nan nan nan
43 0.51055 0.01592 0.49749 0.01495 nan nan nan nan
44 0.50019 0.01524 0.48699 0.01428 nan nan nan nan
45 0.49066 0.01533 0.47728 0.01438 nan nan nan nan
46 0.48168 0.01540 0.46813 0.01450 nan nan nan nan
47 0.47211 0.01472 0.45842 0.01387 nan nan nan nan
48 0.46337 0.01464 0.44948 0.01396 nan nan nan nan
49 0.45525 0.01435 0.44111 0.01392 nan nan nan nan
50 0.44762 0.01347 0.43298 0.01349 nan nan nan nan
