# random greedy certified ratio vs k; n=100, 5 seed(s); mean (and sd) over seeds; nan = not shown
k dual dual_sd topk topk_sd total total_sd opt opt_sd lp lp_sd gamma1 gamma1_sd mu2 mu2_sd mu3 mu3_sd marg marg_sd hyb hyb_sd best best_sd
1 1.00000 0.00000 1.00000 0.00000 nan nan 1.00000 0.00000 1.00000 0.00000 0.01500 0.00046 0.01506 0.00019 0.01517 0.00013 1.00000 0.00000 1.00000 0.00000 1.00000 0.00000
2 0.99608 0.00309 0.99391 0.00385 nan nan 0.99871 0.00053 0.99458 0.00365 0.02979 0.00084 0.02990 0.00044 0.03012 0.00022 0.99391 0.00385 0.99523 0.00362 0.99608 0.00309
3 0.99163 0.00497 0.98886 0.00571 nan nan 0.99713 0.00106 0.98999 0.00533 0.04439 0.00129 0.04456 0.00068 0.04488 0.00039 0.98886 0.00571 0.99067 0.00542 0.99164 0.00497
4 0.98655 0.00581 0.98374 0.00642 nan nan nan nan 0.98499 0.00610 0.05880 0.00164 0.05903 0.00099 0.05945 0.00046 0.98374 0.00642 0.98577 0.00614 0.98655 0.00581
5 0.98048 0.00633 0.97768 0.00716 nan nan nan nan 0.97899 0.00691 0.07297 0.00189 0.07326 0.00126 0.07378 0.00047 0.97768 0.00716 0.97977 0.00668 0.98048 0.00633
6 0.97337 0.00627 0.97036 0.00704 nan nan nan nan 0.97160 0.00688 0.08683 0.00225 0.08717 0.00146 0.08779 0.00058 0.97036 0.00704 0.97253 0.00647 0.97337 0.00627
7 0.96552 0.00559 0.96225 0.00650 nan nan nan nan 0.96349 0.00639 0.10039 0.00258 0.10077 0.00163 0.10149 0.00060 0.96225 0.00650 0.96477 0.00580 0.96552 0.00559
8 0.95699 0.00557 0.95333 0.00642 nan nan nan nan 0.95463 0.00633 0.11359 0.00285 0.11403 0.00188 0.11484 0.00056 0.95333 0.00642 0.95622 0.00578 0.95699 0.00557
9 0.94796 0.00603 0.94377 0.00669 nan nan nan nan 0.94515 0.00652 0.12643 0.00309 0.12692 0.00210 0.12782 0.00049 0.94377 0.00669 0.94713 0.00609 0.94796 0.00603
10 0.93777 0.00708 0.93310 0.00748 nan nan nan nan 0.93458 0.00733 0.13881 0.00324 0.13936 0.00239 0.14034 0.00040 0.93310 0.00748 0.93700 0.00714 0.93777 0.00708
11 0.92651 0.00831 0.92141 0.00855 nan nan nan nan 0.92303 0.00841 0.15071 0.00333 0.15150 0.00228 0.15237 0.00055 0.92141 0.00855 0.92579 0.00835 0.92651 0.00831
12 0.91470 0.00886 0.90917 0.00895 nan nan nan nan 0.91086 0.00891 0.16214 0.00350 0.16375 0.00192 0.16394 0.00058 0.90917 0.00895 0.91398 0.00886 0.91470 0.00886
13 0.90179 0.00857 0.89585 0.00861 nan nan nan nan 0.89758 0.00868 0.17300 0.00376 0.17673 0.00144 0.17491 0.00064 0.89585 0.00861 0.90110 0.00858 0.90179 0.00857
14 0.88910 0.00960 0.88263 0.00957 nan nan nan nan 0.88444 0.00971 0.18347 0.00379 0.19057 0.00146 0.18551 0.00084 0.88263 0.00957 0.88837 0.00951 0.88910 0.00960
15 0.87531 0.01007 0.86838 0.01003 nan nan nan nan 0.87025 0.01018 0.19332 0.00388 0.20455 0.00200 0.19546 0.00100 0.86838 0.01003 0.87462 0.00995 0.87531 0.01007
16 0.86162 0.01045 0.85429 0.01044 nan nan nan nan 0.85624 0.01063 0.20277 0.00394 0.21990 0.00108 0.20502 0.00118 0.85429 0.01044 0.86097 0.01033 0.86162 0.01045
17 0.84798 0.01091 0.84033 0.01084 nan nan nan nan 0.84234 0.01104 0.21182 0.00399 0.23410 0.00202 0.21418 0.00129 0.84033 0.01084 0.84736 0.01081 0.84798 0.01091
18 0.83419 0.01136 0.82621 0.01132 nan nan nan nan 0.82831 0.01152 0.22041 0.00399 0.24722 0.00329 0.22286 0.00149 0.82621 0.01132 0.83357 0.01125 0.83419 0.01136
19 0.82015 0.01258 0.81186 0.01253 nan nan nan nan 0.81405 0.01272 0.22850 0.00377 0.26097 0.00375 0.23106 0.00187 0.81186 0.01253 0.81956 0.01247 0.82015 0.01258
20 0.80532 0.01245 0.79677 0.01242 nan nan nan nan 0.79902 0.01255 0.23595 0.00385 0.27200 0.00392 0.23859 0.00185 0.79677 0.01242 0.80474 0.01237 0.80532 0.01245
21 0.79161 0.01285 0.78280 0.01280 nan nan nan nan 0.78515 0.01283 0.24330 0.00383 0.28478 0.00256 0.24602 0.00209 0.78280 0.01280 0.79108 0.01275 0.79161 0.01285
22 0.77774 0.01383 0.76868 0.01377 nan nan nan nan 0.77111 0.01376 0.25018 0.00356 0.29502 0.00304 0.25298 0.00248 0.76868 0.01377 0.77723 0.01375 0.77774 0.01383
23 0.76326 0.01366 0.75395 0.01355 nan nan nan nan 0.75644 0.01352 0.25643 0.00367 0.30627 0.00290 0.25930 0.00255 0.75395 0.01355 0.76276 0.01357 0.76326 0.01366
24 0.74961 0.01430 0.74000 0.01407 nan nan nan nan 0.74260 0.01397 0.26251 0.00347 0.31489 0.00279 0.26546 0.00278 0.74000 0.01407 0.74911 0.01419 0.74961 0.01430
25 0.73566 0.01526 0.72578 0.01496 nan nan nan nan 0.72854 0.01479 0.26807 0.00317 0.32409 0.00149 0.27109 0.00326 0.72578 0.01496 0.73519 0.01515 0.73566 0.01526
26 0.72158 0.01509 0.71144 0.01479 nan nan nan nan 0.71435 0.01460 0.27318 0.00320 0.33191 0.00202 0.27625 0.00334 0.71144 0.01479 0.72113 0.01500 0.72158 0.01509
27 0.70821 0.01584 0.69778 0.01558 nan nan nan nan 0.70082 0.01536 0.27812 0.00289 0.33811 0.00202 0.28125 0.00391 0.69778 0.01558 0.70776 0.01579 0.70821 0.01584
28 0.69399 0.01630 0.68329 0.01584 nan nan nan nan 0.68644 0.01557 0.28230 0.00267 0.34436 0.00226 0.28549 0.00408 0.68329 0.01584 0.69356 0.01624 0.69399 0.01630
29 0.68071 0.01647 0.66980 0.01595 nan nan nan nan 0.67303 0.01567 0.28648 0.00252 0.34964 0.00253 0.28972 0.00431 0.66980 0.01595 0.68032 0.01642 0.68071 0.01647
30 0.66740 0.01672 0.65627 0.01619 nan nan nan nan 0.65958 0.01589 0.29024 0.00230 0.35423 0.00257 0.29353 0.00453 0.65627 0.01619 0.66703 0.01668 0.66740 0.01672
31 0.65348 0.01714 0.64217 0.01657 nan nan nan nan 0.64555 0.01619 0.29333 0.00208 0.35800 0.00295 0.29666 0.00494 0.64217 0.01657 0.65314 0.01707 0.65348 0.01714
32 0.64081 0.01697 0.62932 0.01641 nan nan nan nan 0.63280 0.01601 0.29660 0.00200 0.36199 0.00302 0.29996 0.00508 0.62932 0.01641 0.64050 0.01689 0.64081 0.01697
33 0.62788 0.01738 0.61621 0.01676 nan nan nan nan 0.61979 0.01628 0.29935 0.00191 0.36535 0.00349 0.30275 0.00554 0.61621 0.01676 0.62759 0.01729 0.62788 0.01738
34 0.61463 0.01743 0.60281 0.01675 nan nan nan nan 0.60652 0.01628 0.30157 0.00181 0.36806 0.00343 0.30500 0.00575 0.60281 0.01675 0.61438 0.01732 0.61463 0.01743
35 0.60212 0.01758 0.59018 0.01687 nan nan nan nan 0.59402 0.01647 0.30378 0.00145 0.37076 0.00354 0.30724 0.00596 0.59018 0.01687 0.60194 0.01743 0.60215 0.01755
36 0.58978 0.01676 0.57771 0.01601 nan nan nan nan 0.58175 0.01560 0.30572 0.00179 0.37313 0.00357 0.30920 0.00579 0.57771 0.01601 0.58970 0.01653 0.58986 0.01667
37 0.57801 0.01699 0.56577 0.01623 nan nan nan nan 0.57005 0.01584 0.30756 0.00164 0.37538 0.00397 0.31107 0.00615 0.56577 0.01623 0.57801 0.01670 0.57815 0.01684
38 0.56595 0.01661 0.55355 0.01577 nan nan nan nan 0.55810 0.01543 0.30890 0.00153 0.37702 0.00365 0.31242 0.00604 0.55355 0.01577 0.56604 0.01625 0.56616 0.01639
39 0.55402 0.01659 0.54147 0.01569 nan nan nan nan 0.54631 0.01535 0.30996 0.00143 0.37831 0.00382 0.31350 0.00620 0.54147 0.01569 0.55422 0.01614 0.55432 0.01626
40 0.54261 0.01675 0.52993 0.01583 nan nan nan nan 0.53510 0.01546 0.31098 0.00126 0.37955 0.00419 0.31453 0.00651 0.52993 0.01583 0.54294 0.01618 0.54303 0.01629
41 0.53182 0.01614 0.51903 0.01520 nan nan nan nan 0.52457 0.01475 0.31205 0.00157 0.38086 0.00413 0.31561 0.00640 0.51903 0.01520 0.53231 0.01546 0.53238 0.01556
42 0.52113 0.01594 0.50821 0.01498 nan nan nan nan 0.51415 0.01448 0.31284 0.00141 0.38182 0.00410 0.31641 0.00644 0.50821 0.01498 0.52178 0.01513 0.52185 0.01522
43 0.51055 0.01592 0.49749 0.01495 nan nan nan nan 0.50391 0.01430 0.31337 0.00169 0.38247 0.00434 0.31695 0.00670 0.49749 0.01495 0.51141 0.01500 0.51146 0.01506
44 0.50019 0.01524 0.48699 0.01428 nan nan nan nan 0.49402 0.01351 0.31373 0.00143 0.38291 0.00386 0.31731 0.00635 0.48699 0.01428 0.50135 0.01414 0.50137 0.01416
45 0.49066 0.01533 0.47728 0.01438 nan nan nan nan 0.48495 0.01350 0.31430 0.00146 0.38361 0.00414 0.31789 0.00663 0.47728 0.01438 0.49224 0.01398 0.49224 0.01398
46 0.48168 0.01540 0.46813 0.01450 nan nan nan nan 0.47654 0.01355 0.31496 0.00120 0.38442 0.00435 0.31856 0.00688 0.46813 0.01450 0.48377 0.01379 0.48377 0.01379
47 0.47211 0.01472 0.45842 0.01387 nan nan nan nan 0.46766 0.01282 0.31497 0.00150 0.38442 0.00416 0.31856 0.00664 0.45842 0.01387 0.47482 0.01278 0.47482 0.01278
48 0.46337 0.01464 0.44948 0.01396 nan nan nan nan 0.45967 0.01279 0.31521 0.00121 0.38472 0.00441 0.31882 0.00688 0.44948 0.01396 0.46684 0.01223 0.46684 0.01223
49 0.45525 0.01435 0.44111 0.01392 nan nan nan nan 0.45245 0.01245 0.31560 0.00109 0.38519 0.00466 0.31921 0.00703 0.44111 0.01392 0.45956 0.01150 0.45956 0.01150
50 0.44762 0.01347 0.43298 0.01349 nan nan nan nan 0.44579 0.01148 0.31592 0.00097 0.38559 0.00418 0.31953 0.00678 0.43298 0.01349 0.45288 0.01035 0.45288 0.01035
