# random greedy certified ratio vs k; n=20, 10 seed(s); mean (and sd) over seeds; nan = not shown
k dual dual_sd topk topk_sd total total_sd opt opt_sd
1 1.00000 0.00000 1.00000 0.00000 nan nan 1.00000 0.00000
2 0.95597 0.03127 0.89607 0.06028 nan nan 0.97894 0.00787
3 0.90442 0.05070 0.84619 0.06060 nan nan 0.95374 0.01726
4 0.84815 0.05257 0.78812 0.05786 nan nan 0.92663 0.02325
5 0.79191 0.05621 0.73054 0.06548 nan nan 0.91379 0.02611
6 0.73215 0.05621 0.67361 0.06370 nan nan 0.89683 0.01849
7 0.67663 0.05115 0.61687 0.06219 nan nan 0.88537 0.01446
8 0.62417 0.04568 0.56404 0.05701 nan nan 0.87343 0.01387
9 0.57967 0.04164 0.51943 0.05042 nan nan 0.87250 0.01218
10 0.54298 0.03685 0.48389 0.04609 nan nan 0.87572 0.01160
11 0.51396 0.03136 0.45405 0.04237 nan nan 0.87632 0.01080
12 0.48984 0.02624 0.42950 0.03828 nan nan 0.87708 0.01090
13 0.47045 0.02053 0.40818 0.03439 nan nan 0.87590 0.01019
14 0.45547 0.01569 0.39174 0.03201 nan nan 0.87552 0.01045
15 0.44844 0.01144 0.37734 0.02927 nan nan 0.87410 0.01061
16 0.44538 0.00863 0.36604 0.02670 nan nan 0.87403 0.01085
17 0.44474 0.00823 0.35700 0.02440 nan nan 0.87359 0.01068
18 0.44361 0.00867 0.34921 0.02367 nan nan 0.87133 0.00973
19 0.44337 0.00853 0.34418 0.02258 nan nan 0.87087 0.00983
20 0.44387 0.00912 0.34216 0.02269 nan nan 0.87184 0.01032
