# random greedy certified ratio vs k; n=20, 10 seed(s); mean (and sd) over seeds; nan = not shown
k dual dual_sd topk topk_sd total total_sd opt opt_sd
1 1.00000 0.00000 1.00000 0.00000 nan nan 1.00000 0.00000
2 0.90320 0.03960 0.86696 0.02842 nan nan 0.95632 0.02634
3 0.82687 0.02623 0.77330 0.02008 0.60764 0.02264 0.92742 0.02406
4 0.77330 0.02160 0.70023 0.02140 0.70714 0.02663 0.92320 0.01944
5 0.71535 0.01659 0.63650 0.01942 0.77469 0.02570 0.91368 0.01989
6 0.65636 0.01523 0.57823 0.01955 0.81966 0.02362 0.90408 0.01326
7 0.60173 0.01568 0.52736 0.01944 0.84850 0.02242 0.89518 0.01564
8 0.55063 0.01519 0.48012 0.01715 0.86040 0.02193 0.88786 0.01108
9 0.50684 0.01450 0.43891 0.01578 0.86485 0.02120 0.88660 0.01298
10 0.46998 0.01294 0.40448 0.01392 0.86634 0.02105 0.88812 0.01261
11 0.44582 0.00932 0.37477 0.01192 0.86539 0.02253 0.88714 0.01435
12 0.42880 0.00972 0.34920 0.01094 0.86343 0.02178 0.88514 0.01341
13 0.42125 0.00951 0.32794 0.01057 0.86261 0.02084 0.88431 0.01272
14 0.41655 0.01061 0.30872 0.00935 0.85929 0.02174 0.88090 0.01374
15 0.41555 0.01011 0.29308 0.00916 0.85814 0.02154 0.87971 0.01353
16 0.41494 0.01007 0.27987 0.00861 0.85720 0.02113 0.87875 0.01270
17 0.41379 0.01007 0.26811 0.00766 0.85482 0.02160 0.87631 0.01349
18 0.41359 0.00993 0.25890 0.00707 0.85443 0.02164 0.87590 0.01323
19 0.41322 0.01004 0.25139 0.00677 0.85366 0.02187 0.87512 0.01353
20 0.41344 0.00941 0.24662 0.00661 0.85413 0.02111 0.87560 0.01268
