# random greedy certified ratio vs k; n=1000, 1 seed(s); mean (and sd) over seeds; nan = not shown
k dual dual_sd topk topk_sd total total_sd opt opt_sd
1 1.00000 0.00000 1.00000 0.00000 nan nan 1.00000 0.00000
10 0.90089 0.00000 0.88431 0.00000 nan nan nan nan
20 0.87411 0.00000 0.85322 0.00000 nan nan nan nan
30 0.85934 0.00000 0.83554 0.00000 nan nan nan nan
40 0.83342 0.00000 0.80948 0.00000 nan nan nan nan
50 0.81334 0.00000 0.78110 0.00000 nan nan nan nan
60 0.79511 0.00000 0.75806 0.00000 nan nan nan nan
70 0.77821 0.00000 0.73427 0.00000 nan nan nan nan
80 0.77161 0.00000 0.71857 0.00000 nan nan nan nan
90 0.76311 0.00000 0.70298 0.00000 nan nan nan nan
100 0.75634 0.00000 0.68998 0.00000 nan nan nan nan
110 0.75122 0.00000 0.67939 0.00000 nan nan nan nan
120 0.74397 0.00000 0.66803 0.00000 nan nan nan nan
130 0.73656 0.00000 0.65737 0.00000 0.49217 0.00000 nan nan
140 0.73228 0.00000 0.64960 0.00000 0.51065 0.00000 nan nan
150 0.72500 0.00000 0.64037 0.00000 0.52652 0.00000 nan nan
160 0.71626 0.00000 0.63044 0.00000 0.54021 0.00000 nan nan
170 0.70907 0.00000 0.62213 0.00000 0.55433 0.00000 nan nan
180 0.70237 0.00000 0.61452 0.00000 0.56772 0.00000 nan nan
190 0.69433 0.00000 0.60629 0.00000 0.57946 0.00000 nan nan
200 0.68697 0.00000 0.59889 0.00000 0.59127 0.00000 nan nan
210 0.67885 0.00000 0.59036 0.00000 0.60122 0.00000 nan nan
220 0.67114 0.00000 0.58282 0.00000 0.61113 0.00000 nan nan
230 0.66397 0.00000 0.57620 0.00000 0.62099 0.00000 nan nan
240 0.65608 0.00000 0.56851 0.00000 0.62912 0.00000 nan nan
250 0.64918 0.00000 0.56173 0.00000 0.63785 0.00000 nan nan
260 0.64022 0.00000 0.55348 0.00000 0.64417 0.00000 nan nan
270 0.63164 0.00000 0.54567 0.00000 0.65013 0.00000 nan nan
280 0.62429 0.00000 0.53856 0.00000 0.65651 0.00000 nan nan
290 0.61666 0.00000 0.53164 0.00000 0.66225 0.00000 nan nan
300 0.60901 0.00000 0.52490 0.00000 0.66763 0.00000 nan nan
