# random greedy certified ratio vs k; n=500, 5 seed(s); mean (and sd) over seeds; nan = not shown
k dual dual_sd topk topk_sd total total_sd opt opt_sd
1 1.00000 0.00000 1.00000 0.00000 nan nan 1.00000 0.00000
10 0.94953 0.00705 0.93999 0.00864 nan nan nan nan
20 0.90890 0.00415 0.90028 0.00548 nan nan nan nan
30 0.87333 0.00653 0.86248 0.00663 nan nan nan nan
40 0.84202 0.00878 0.82840 0.00890 nan nan nan nan
50 0.81358 0.00871 0.79677 0.00963 nan nan nan nan
60 0.78713 0.00831 0.76582 0.00999 nan nan nan nan
70 0.76350 0.00794 0.73665 0.01011 0.54114 0.00568 nan nan
80 0.74269 0.00763 0.70958 0.01029 0.58698 0.00556 nan nan
90 0.72217 0.00688 0.68300 0.00994 0.62676 0.00504 nan nan
100 0.70231 0.00617 0.65806 0.00947 0.66199 0.00513 nan nan
110 0.68275 0.00572 0.63443 0.00900 0.69320 0.00475 nan nan
120 0.66277 0.00532 0.61135 0.00846 0.72009 0.00490 nan nan
130 0.64290 0.00519 0.58915 0.00807 0.74338 0.00471 nan nan
140 0.62356 0.00432 0.56803 0.00740 0.76372 0.00473 nan nan
150 0.60426 0.00456 0.54748 0.00745 0.78066 0.00423 nan nan
160 0.58506 0.00389 0.52760 0.00669 0.79452 0.00464 nan nan
170 0.56636 0.00379 0.50857 0.00631 0.80592 0.00462 nan nan
180 0.54832 0.00391 0.49037 0.00627 0.81517 0.00401 nan nan
190 0.53041 0.00355 0.47259 0.00545 0.82171 0.00471 nan nan
200 0.51268 0.00326 0.45525 0.00536 0.82577 0.00436 nan nan
210 0.49596 0.00337 0.43903 0.00481 0.82881 0.00460 nan nan
220 0.48004 0.00324 0.42363 0.00463 0.83067 0.00415 nan nan
230 0.46511 0.00298 0.40922 0.00415 0.83191 0.00460 nan nan
240 0.45119 0.00313 0.39574 0.00390 0.83264 0.00470 nan nan
250 0.43837 0.00313 0.38320 0.00382 0.83309 0.00433 nan nan
