# random greedy certified ratio vs k; n=500, 5 seed(s); mean (and sd) over seeds; nan = not shown
k dual dual_sd topk topk_sd total total_sd opt opt_sd lp lp_sd gamma1 gamma1_sd mu2 mu2_sd mu3 mu3_sd marg marg_sd
1 1.00000 0.00000 1.00000 0.00000 0.01364 0.00093 1.00000 0.00000 1.00000 0.00000 0.00502 0.00035 0.00526 0.00035 0.00527 0.00036 1.00000 0.00000
10 0.94953 0.00705 0.93999 0.00864 0.11490 0.00300 nan nan 0.94249 0.00747 0.04226 0.00130 0.04431 0.00120 0.04441 0.00129 0.93999 0.00864
20 0.90890 0.00415 0.90028 0.00548 0.21070 0.00467 nan nan 0.90421 0.00452 0.07750 0.00201 0.08125 0.00181 0.08144 0.00197 0.90028 0.00548
30 0.87333 0.00653 0.86248 0.00663 0.29401 0.00528 nan nan 0.86788 0.00592 0.10813 0.00226 0.11337 0.00196 0.11364 0.00214 0.86248 0.00663
40 0.84202 0.00878 0.82840 0.00890 0.36735 0.00521 nan nan 0.83595 0.00825 0.13511 0.00230 0.14165 0.00190 0.14198 0.00215 0.82840 0.00890
50 0.81358 0.00871 0.79677 0.00963 0.43255 0.00556 nan nan 0.80601 0.00890 0.15909 0.00237 0.16679 0.00190 0.16718 0.00217 0.79677 0.00963
60 0.78713 0.00831 0.76582 0.00999 0.49008 0.00586 nan nan 0.77664 0.00882 0.18024 0.00241 0.19149 0.00116 0.18942 0.00212 0.76582 0.00999
70 0.76350 0.00794 0.73665 0.01011 0.54114 0.00568 nan nan 0.74916 0.00892 0.19902 0.00246 0.21925 0.00074 0.20915 0.00218 0.73665 0.01011
80 0.74269 0.00763 0.70958 0.01029 0.58698 0.00556 nan nan 0.72408 0.00914 0.21588 0.00231 0.24486 0.00061 0.22687 0.00202 0.70958 0.01029
90 0.72217 0.00688 0.68300 0.00994 0.62676 0.00504 nan nan 0.69964 0.00883 0.23051 0.00242 0.26675 0.00137 0.24224 0.00217 0.68300 0.00994
100 0.70231 0.00617 0.65806 0.00947 0.66199 0.00513 nan nan 0.67620 0.00834 0.24347 0.00242 0.28646 0.00125 0.25586 0.00217 0.65806 0.00947
110 0.68275 0.00572 0.63443 0.00900 0.69320 0.00475 nan nan 0.65401 0.00770 0.25495 0.00250 0.30323 0.00145 0.26793 0.00232 0.63443 0.00900
120 0.66277 0.00532 0.61135 0.00846 0.72009 0.00490 nan nan 0.63252 0.00672 0.26484 0.00248 0.31684 0.00117 0.27832 0.00225 0.61135 0.00846
130 0.64290 0.00519 0.58915 0.00807 0.74338 0.00471 nan nan 0.61204 0.00643 0.27341 0.00259 0.32798 0.00091 0.28732 0.00241 0.58915 0.00807
140 0.62356 0.00432 0.56803 0.00740 0.76372 0.00473 nan nan 0.59291 0.00586 0.28088 0.00253 0.33695 0.00092 0.29518 0.00237 0.56803 0.00740
150 0.60426 0.00456 0.54748 0.00745 0.78066 0.00423 nan nan 0.57461 0.00589 0.28711 0.00243 0.34442 0.00107 0.30173 0.00232 0.54753 0.00734
160 0.58506 0.00389 0.52760 0.00669 0.79452 0.00464 nan nan 0.55696 0.00522 0.29221 0.00253 0.35054 0.00093 0.30709 0.00242 0.52775 0.00637
170 0.56636 0.00379 0.50857 0.00631 0.80592 0.00462 nan nan 0.54025 0.00496 0.29640 0.00258 0.35557 0.00096 0.31149 0.00250 0.50876 0.00592
180 0.54832 0.00391 0.49037 0.00627 0.81517 0.00401 nan nan 0.52440 0.00498 0.29981 0.00261 0.35965 0.00124 0.31507 0.00262 0.49062 0.00576
190 0.53041 0.00355 0.47259 0.00545 0.82171 0.00471 nan nan 0.50892 0.00427 0.30221 0.00273 0.36254 0.00105 0.31760 0.00261 0.47293 0.00488
200 0.51268 0.00326 0.45525 0.00536 0.82577 0.00436 nan nan 0.49405 0.00411 0.30370 0.00259 0.36433 0.00114 0.31916 0.00265 0.45566 0.00479
210 0.49596 0.00337 0.43903 0.00481 0.82881 0.00460 nan nan 0.48041 0.00410 0.30482 0.00272 0.36567 0.00113 0.32034 0.00262 0.43952 0.00420
220 0.48004 0.00324 0.42363 0.00463 0.83067 0.00415 nan nan 0.46783 0.00411 0.30551 0.00269 0.36649 0.00126 0.32106 0.00271 0.42427 0.00408
230 0.46511 0.00298 0.40922 0.00415 0.83191 0.00460 nan nan 0.45642 0.00363 0.30596 0.00252 0.36704 0.00103 0.32154 0.00255 0.41079 0.00298
240 0.45119 0.00313 0.39574 0.00390 0.83264 0.00470 nan nan 0.44612 0.00355 0.30623 0.00270 0.36736 0.00107 0.32182 0.00265 0.39862 0.00229
250 0.43837 0.00313 0.38320 0.00382 0.83309 0.00433 nan nan 0.43703 0.00349 0.30640 0.00264 0.36756 0.00125 0.32200 0.00271 0.38848 0.00204
