# random greedy certified ratio vs k; n=1000, 1 seed(s); mean (and sd) over seeds; nan = not shown
k dual dual_sd topk topk_sd total total_sd opt opt_sd lp lp_sd gamma1 gamma1_sd mu2 mu2_sd mu3 mu3_sd
1 1.00000 0.00000 1.00000 0.00000 0.01576 0.00000 1.00000 0.00000 1.00000 0.00000 0.00651 0.00000 0.00832 0.00000 0.00817 0.00000
10 0.90089 0.00000 0.88431 0.00000 0.09463 0.00000 nan nan 0.89201 0.00000 0.03907 0.00000 0.04997 0.00000 0.04907 0.00000
20 0.87411 0.00000 0.85322 0.00000 0.15942 0.00000 nan nan 0.86577 0.00000 0.06582 0.00000 0.08418 0.00000 0.08267 0.00000
30 0.85934 0.00000 0.83554 0.00000 0.21393 0.00000 nan nan 0.85225 0.00000 0.08832 0.00000 0.11297 0.00000 0.11094 0.00000
40 0.83342 0.00000 0.80948 0.00000 0.25902 0.00000 nan nan 0.82638 0.00000 0.10694 0.00000 0.13677 0.00000 0.13432 0.00000
50 0.81334 0.00000 0.78110 0.00000 0.29753 0.00000 nan nan 0.80373 0.00000 0.12284 0.00000 0.15711 0.00000 0.15428 0.00000
60 0.79511 0.00000 0.75806 0.00000 0.33105 0.00000 nan nan 0.78454 0.00000 0.13668 0.00000 0.17481 0.00000 0.17167 0.00000
70 0.77821 0.00000 0.73427 0.00000 0.35865 0.00000 nan nan 0.76155 0.00000 0.14807 0.00000 0.18939 0.00000 0.18598 0.00000
80 0.77161 0.00000 0.71857 0.00000 0.38702 0.00000 nan nan 0.75206 0.00000 0.15979 0.00000 0.20436 0.00000 0.20069 0.00000
90 0.76311 0.00000 0.70298 0.00000 0.41121 0.00000 nan nan 0.74147 0.00000 0.16977 0.00000 0.21924 0.00000 0.21324 0.00000
100 0.75634 0.00000 0.68998 0.00000 0.43368 0.00000 nan nan 0.73202 0.00000 0.17905 0.00000 0.23356 0.00000 0.22489 0.00000
110 0.75122 0.00000 0.67939 0.00000 0.45531 0.00000 nan nan 0.72520 0.00000 0.18798 0.00000 0.24712 0.00000 0.23610 0.00000
120 0.74397 0.00000 0.66803 0.00000 0.47436 0.00000 nan nan 0.71698 0.00000 0.19584 0.00000 0.25950 0.00000 0.24598 0.00000
130 0.73656 0.00000 0.65737 0.00000 0.49217 0.00000 nan nan 0.70983 0.00000 0.20320 0.00000 0.27050 0.00000 0.25522 0.00000
140 0.73228 0.00000 0.64960 0.00000 0.51065 0.00000 nan nan 0.70590 0.00000 0.21083 0.00000 0.28219 0.00000 0.26480 0.00000
150 0.72500 0.00000 0.64037 0.00000 0.52652 0.00000 nan nan 0.69985 0.00000 0.21738 0.00000 0.29193 0.00000 0.27303 0.00000
160 0.71626 0.00000 0.63044 0.00000 0.54021 0.00000 nan nan 0.69241 0.00000 0.22303 0.00000 0.30007 0.00000 0.28013 0.00000
170 0.70907 0.00000 0.62213 0.00000 0.55433 0.00000 nan nan 0.68663 0.00000 0.22886 0.00000 0.30825 0.00000 0.28745 0.00000
180 0.70237 0.00000 0.61452 0.00000 0.56772 0.00000 nan nan 0.68093 0.00000 0.23439 0.00000 0.31655 0.00000 0.29440 0.00000
190 0.69433 0.00000 0.60629 0.00000 0.57946 0.00000 nan nan 0.67419 0.00000 0.23924 0.00000 0.32336 0.00000 0.30048 0.00000
200 0.68697 0.00000 0.59889 0.00000 0.59127 0.00000 nan nan 0.66847 0.00000 0.24411 0.00000 0.33002 0.00000 0.30660 0.00000
210 0.67885 0.00000 0.59036 0.00000 0.60122 0.00000 nan nan 0.66153 0.00000 0.24822 0.00000 0.33557 0.00000 0.31176 0.00000
220 0.67114 0.00000 0.58282 0.00000 0.61113 0.00000 nan nan 0.65583 0.00000 0.25231 0.00000 0.34110 0.00000 0.31690 0.00000
230 0.66397 0.00000 0.57620 0.00000 0.62099 0.00000 nan nan 0.65101 0.00000 0.25638 0.00000 0.34660 0.00000 0.32201 0.00000
240 0.65608 0.00000 0.56851 0.00000 0.62912 0.00000 nan nan 0.64508 0.00000 0.25974 0.00000 0.35115 0.00000 0.32623 0.00000
250 0.64918 0.00000 0.56173 0.00000 0.63785 0.00000 nan nan 0.64050 0.00000 0.26334 0.00000 0.35602 0.00000 0.33076 0.00000
260 0.64022 0.00000 0.55348 0.00000 0.64417 0.00000 nan nan 0.63420 0.00000 0.26595 0.00000 0.35955 0.00000 0.33404 0.00000
270 0.63164 0.00000 0.54567 0.00000 0.65013 0.00000 nan nan 0.62820 0.00000 0.26841 0.00000 0.36287 0.00000 0.33713 0.00000
280 0.62429 0.00000 0.53856 0.00000 0.65651 0.00000 nan nan 0.62323 0.00000 0.27104 0.00000 0.36643 0.00000 0.34043 0.00000
290 0.61666 0.00000 0.53164 0.00000 0.66225 0.00000 nan nan 0.61818 0.00000 0.27342 0.00000 0.36964 0.00000 0.34341 0.00000
300 0.60901 0.00000 0.52490 0.00000 0.66763 0.00000 nan nan 0.61328 0.00000 0.27564 0.00000 0.37264 0.00000 0.34620 0.00000
