# random greedy certified ratio vs k; n=20, 10 seed(s); mean (and sd) over seeds; nan = not shown
k dual dual_sd topk topk_sd total total_sd opt opt_sd lp lp_sd gamma1 gamma1_sd mu2 mu2_sd mu3 mu3_sd marg marg_sd hyb hyb_sd best best_sd
1 1.00000 0.00000 1.00000 0.00000 0.29626 0.03412 1.00000 0.00000 1.00000 0.00000 0.10865 0.01269 0.12445 0.01708 0.12664 0.01507 1.00000 0.00000 1.00000 0.00000 1.00000 0.00000
2 0.90320 0.03960 0.86696 0.02842 0.47877 0.02271 0.95632 0.02634 0.88091 0.02108 0.17554 0.00766 0.20127 0.01242 0.20461 0.00952 0.86696 0.02842 0.88465 0.02051 0.90679 0.03431
3 0.82687 0.02623 0.77330 0.02008 0.60764 0.02264 0.92742 0.02406 0.79707 0.01788 0.22287 0.00964 0.26309 0.01106 0.25971 0.00996 0.77330 0.02008 0.80655 0.01632 0.82849 0.02348
4 0.77330 0.02160 0.70023 0.02140 0.70714 0.02663 0.92320 0.01944 0.73450 0.01762 0.25939 0.01203 0.31777 0.01436 0.30222 0.01111 0.70023 0.02140 0.75620 0.01241 0.77475 0.01932
5 0.71535 0.01659 0.63650 0.01942 0.77469 0.02570 0.91368 0.01989 0.67580 0.01813 0.28415 0.01178 0.35229 0.00968 0.33108 0.01046 0.63650 0.01942 0.70299 0.01087 0.71615 0.01546
6 0.65636 0.01523 0.57823 0.01955 0.81966 0.02362 0.90408 0.01326 0.62193 0.01949 0.30063 0.01099 0.37276 0.00897 0.35032 0.01029 0.57823 0.01955 0.65017 0.01332 0.65712 0.01447
7 0.60173 0.01568 0.52736 0.01944 0.84850 0.02242 0.89518 0.01564 0.57530 0.01949 0.31120 0.01033 0.38587 0.00825 0.36265 0.00988 0.52736 0.01944 0.60106 0.01535 0.60403 0.01457
8 0.55063 0.01519 0.48012 0.01715 0.86040 0.02193 0.88786 0.01108 0.53188 0.01920 0.31555 0.00969 0.39129 0.00832 0.36774 0.00982 0.48012 0.01715 0.55397 0.01631 0.55460 0.01560
9 0.50684 0.01450 0.43891 0.01578 0.86485 0.02120 0.88660 0.01298 0.49671 0.01752 0.31717 0.00908 0.39331 0.00776 0.36964 0.00959 0.44187 0.01451 0.51406 0.01643 0.51441 0.01587
10 0.46998 0.01294 0.40448 0.01392 0.86634 0.02105 0.88812 0.01261 0.47222 0.01412 0.31771 0.00908 0.39399 0.00757 0.37027 0.00948 0.41671 0.00898 0.48228 0.01451 0.48228 0.01451
11 0.44582 0.00932 0.37477 0.01192 0.86539 0.02253 0.88714 0.01435 0.45427 0.01172 0.31736 0.00927 0.39354 0.00760 0.36985 0.00905 0.40201 0.00822 0.45917 0.01186 0.45920 0.01186
12 0.42880 0.00972 0.34920 0.01094 0.86343 0.02178 0.88514 0.01341 0.44459 0.00969 0.31665 0.00923 0.39266 0.00750 0.36902 0.00904 0.39667 0.00655 0.44650 0.00974 0.44658 0.00973
13 0.42125 0.00951 0.32794 0.01057 0.86261 0.02084 0.88431 0.01272 0.44153 0.01014 0.31635 0.00892 0.39230 0.00780 0.36869 0.00956 0.39351 0.00704 0.44254 0.01039 0.44254 0.01039
14 0.41655 0.01061 0.30872 0.00935 0.85929 0.02174 0.88090 0.01374 0.43965 0.00997 0.31513 0.00933 0.39078 0.00772 0.36726 0.00948 0.39104 0.00744 0.44059 0.01033 0.44059 0.01033
15 0.41555 0.01011 0.29308 0.00916 0.85814 0.02154 0.87971 0.01353 0.43905 0.00996 0.31470 0.00893 0.39025 0.00780 0.36676 0.00936 0.39025 0.00780 0.44000 0.01031 0.44000 0.01031
16 0.41494 0.01007 0.27987 0.00861 0.85720 0.02113 0.87875 0.01270 0.43857 0.00960 0.31436 0.00917 0.38983 0.00779 0.36636 0.00937 0.38983 0.00779 0.43952 0.00990 0.43952 0.00990
17 0.41379 0.01007 0.26811 0.00766 0.85482 0.02160 0.87631 0.01349 0.43735 0.00942 0.31350 0.00944 0.38874 0.00756 0.36534 0.00933 0.38874 0.00756 0.43829 0.00970 0.43829 0.00970
18 0.41359 0.00993 0.25890 0.00707 0.85443 0.02164 0.87590 0.01323 0.43715 0.00948 0.31335 0.00941 0.38857 0.00777 0.36518 0.00942 0.38857 0.00777 0.43809 0.00972 0.43809 0.00972
19 0.41322 0.01004 0.25139 0.00677 0.85366 0.02187 0.87512 0.01353 0.43675 0.00954 0.31307 0.00933 0.38822 0.00769 0.36484 0.00922 0.38822 0.00769 0.43770 0.00986 0.43770 0.00986
20 0.41344 0.00941 0.24662 0.00661 0.85413 0.02111 0.87560 0.01268 0.43700 0.00943 0.31324 0.00921 0.38843 0.00767 0.36505 0.00912 0.38843 0.00767 0.43794 0.00976 0.43794 0.00976
