# random greedy certified ratio vs k; n=20, 10 seed(s); mean (and sd) over seeds; nan = not shown
k dual dual_sd topk topk_sd total total_sd opt opt_sd
1 1.00000 0.00000 1.00000 0.00000 nan nan 1.00000 0.00000
2 0.92510 0.02766 0.92510 0.02766 nan nan 0.94623 0.02802
3 0.81543 0.01935 0.81543 0.01935 nan nan 0.90458 0.02284
4 0.67728 0.04379 0.67728 0.04379 nan nan 0.84796 0.02721
5 0.54428 0.04440 0.54428 0.04440 nan nan 0.80934 0.02442
6 0.45121 0.03849 0.45121 0.03849 nan nan 0.80501 0.02732
7 0.38626 0.03269 0.38626 0.03269 nan nan 0.80400 0.02687
8 0.33556 0.02860 0.33556 0.02860 nan nan 0.79826 0.02798
9 0.29906 0.02491 0.29642 0.02519 nan nan 0.79333 0.02755
10 0.27863 0.02292 0.26667 0.02350 nan nan 0.79276 0.02602
11 0.27052 0.02128 0.24185 0.02122 nan nan 0.79091 0.02533
12 0.26789 0.02099 0.22025 0.01937 nan nan 0.78577 0.02669
13 0.26561 0.02149 0.20181 0.01686 nan nan 0.78021 0.02708
14 0.26354 0.02146 0.18622 0.01563 nan nan 0.77536 0.02841
15 0.26299 0.02158 0.17368 0.01484 nan nan 0.77465 0.02664
16 0.26357 0.02282 0.16320 0.01458 nan nan 0.77627 0.02745
17 0.26291 0.02270 0.15322 0.01344 nan nan 0.77440 0.02713
18 0.26267 0.02188 0.14458 0.01234 nan nan 0.77386 0.02668
19 0.26157 0.02221 0.13638 0.01157 nan nan 0.77059 0.02830
20 0.26126 0.02254 0.12942 0.01145 nan nan 0.76949 0.02592
