# random greedy certified ratio vs k; n=100, 5 seed(s); mean (and sd) over seeds; nan = not shown
k dual dual_sd topk topk_sd total total_sd opt opt_sd
1 1.00000 0.00000 1.00000 0.00000 nan nan 1.00000 0.00000
2 0.98989 0.00782 0.98989 0.00782 nan nan 0.99017 0.00748
3 0.96565 0.01749 0.96565 0.01749 nan nan 0.96728 0.01614
4 0.93599 0.02339 0.93599 0.02339 nan nan nan nan
5 0.90125 0.02246 0.90125 0.02246 nan nan nan nan
6 0.85669 0.02062 0.85669 0.02062 nan nan nan nan
7 0.81030 0.01240 0.81030 0.01240 nan nan nan nan
8 0.76172 0.01356 0.76172 0.01356 nan nan nan nan
9 0.71102 0.01286 0.71102 0.01286 nan nan nan nan
10 0.65660 0.01568 0.65660 0.01568 nan nan nan nan
11 0.60792 0.01808 0.60792 0.01808 nan nan nan nan
12 0.56212 0.01308 0.56212 0.01308 nan nan nan nan
13 0.51931 0.01251 0.51931 0.01251 nan nan nan nan
14 0.48247 0.01376 0.48247 0.01376 nan nan nan nan
15 0.44813 0.01213 0.44813 0.01213 nan nan nan nan
16 0.41902 0.01154 0.41902 0.01154 nan nan nan nan
17 0.39425 0.01141 0.39400 0.01184 nan nan nan nan
18 0.37412 0.00865 0.37245 0.00967 nan nan nan nan
19 0.35776 0.01157 0.35083 0.00971 nan nan nan nan
20 0.34455 0.01142 0.33130 0.00744 nan nan nan nan
21 0.33422 0.01302 0.31489 0.00971 nan nan nan nan
22 0.32600 0.01577 0.30021 0.00753 nan nan nan nan
23 0.31826 0.01743 0.28574 0.00686 nan nan nan nan
24 0.31048 0.01981 0.27199 0.00773 nan nan nan nan
25 0.30536 0.02132 0.26090 0.00797 nan nan nan nan
26 0.30048 0.02293 0.24973 0.00681 nan nan nan nan
27 0.29703 0.02372 0.23999 0.00581 nan nan nan nan
28 0.29129 0.02185 0.22847 0.00704 nan nan nan nan
29 0.29012 0.02397 0.22064 0.00555 nan nan nan nan
30 0.28794 0.02612 0.21251 0.00540 nan nan nan nan
31 0.28601 0.02684 0.20508 0.00682 nan nan nan nan
32 0.28714 0.02780 0.20011 0.00666 nan nan nan nan
33 0.28360 0.02599 0.19232 0.00547 nan nan nan nan
34 0.28094 0.02432 0.18504 0.00593 nan nan nan nan
35 0.28297 0.02635 0.18098 0.00521 nan nan nan nan
36 0.28104 0.02758 0.17469 0.00486 nan nan nan nan
37 0.27977 0.02617 0.16928 0.00532 nan nan nan nan
38 0.27929 0.02626 0.16451 0.00443 nan nan nan nan
39 0.27938 0.02618 0.16035 0.00436 nan nan nan nan
40 0.27787 0.02798 0.15540 0.00378 nan nan nan nan
41 0.27732 0.02734 0.15133 0.00340 nan nan nan nan
42 0.27695 0.02613 0.14758 0.00334 nan nan nan nan
43 0.27658 0.02586 0.14400 0.00469 nan nan nan nan
44 0.27586 0.02539 0.14036 0.00381 nan nan nan nan
45 0.27237 0.02570 0.13549 0.00431 nan nan nan nan
46 0.27456 0.02706 0.13355 0.00363 nan nan nan nan
47 0.27400 0.02744 0.13045 0.00417 nan nan nan nan
48 0.27338 0.02791 0.12741 0.00391 nan nan nan nan
49 0.27295 0.02716 0.12463 0.00339 nan nan nan nan
50 0.27223 0.02727 0.12180 0.00307 nan nan nan nan
