# random greedy certified ratio vs k; n=100, 5 seed(s); mean (and sd) over seeds; nan = not shown
k dual dual_sd topk topk_sd total total_sd opt opt_sd lp lp_sd gamma1 gamma1_sd mu2 mu2_sd mu3 mu3_sd
1 1.00000 0.00000 1.00000 0.00000 nan nan 1.00000 0.00000 1.00000 0.00000 0.01234 0.00024 0.03798 0.00178 0.02036 0.00047
2 0.99518 0.00373 0.99518 0.00373 nan nan 0.99531 0.00357 0.99518 0.00373 0.02456 0.00047 0.07559 0.00356 0.04053 0.00090
3 0.98361 0.00835 0.98361 0.00835 nan nan 0.98440 0.00768 0.98361 0.00835 0.03642 0.00082 0.11206 0.00527 0.06008 0.00123
4 0.96945 0.01116 0.96945 0.01116 nan nan nan nan 0.96945 0.01116 0.04786 0.00114 0.14725 0.00654 0.07895 0.00142
5 0.95286 0.01072 0.95286 0.01072 nan nan nan nan 0.95286 0.01072 0.05880 0.00142 0.18092 0.00804 0.09699 0.00174
6 0.93159 0.00984 0.93159 0.00984 nan nan nan nan 0.93159 0.00984 0.06898 0.00174 0.21226 0.00961 0.11380 0.00219
7 0.90945 0.00592 0.90945 0.00592 nan nan nan nan 0.90945 0.00592 0.07856 0.00162 0.24174 0.01048 0.12961 0.00237
8 0.88626 0.00647 0.88626 0.00647 nan nan nan nan 0.88626 0.00647 0.08750 0.00180 0.26921 0.01121 0.14435 0.00260
9 0.86206 0.00614 0.86206 0.00614 nan nan nan nan 0.86206 0.00614 0.09574 0.00177 0.29458 0.01199 0.15796 0.00293
10 0.83605 0.00749 0.83605 0.00749 nan nan nan nan 0.83605 0.00749 0.10317 0.00186 0.31743 0.01268 0.17022 0.00335
11 0.81248 0.00864 0.81248 0.00864 nan nan nan nan 0.81248 0.00864 0.11028 0.00191 0.33932 0.01347 0.18196 0.00372
12 0.78925 0.00638 0.78925 0.00638 nan nan nan nan 0.78925 0.00638 0.11687 0.00188 0.35961 0.01482 0.19283 0.00413
13 0.76556 0.00679 0.76556 0.00679 nan nan nan nan 0.76556 0.00679 0.12281 0.00190 0.37791 0.01623 0.20264 0.00490
14 0.74263 0.00816 0.74263 0.00816 nan nan nan nan 0.74263 0.00816 0.12829 0.00192 0.39478 0.01704 0.21170 0.00538
15 0.71896 0.00759 0.71896 0.00759 nan nan nan nan 0.71896 0.00759 0.13307 0.00175 0.40949 0.01746 0.21958 0.00542
16 0.69664 0.00792 0.69664 0.00792 nan nan nan nan 0.69831 0.00885 0.13754 0.00192 0.42323 0.01833 0.22695 0.00592
17 0.67493 0.00826 0.67493 0.00826 nan nan nan nan 0.68136 0.01222 0.14158 0.00214 0.43571 0.01974 0.23363 0.00649
18 0.65297 0.00871 0.65266 0.00848 nan nan nan nan 0.66551 0.01545 0.14496 0.00214 0.44612 0.02063 0.23921 0.00680
19 0.63155 0.00945 0.62953 0.00795 nan nan nan nan 0.64998 0.01574 0.14759 0.00251 0.45567 0.02225 0.24356 0.00726
20 0.61412 0.00626 0.60837 0.00766 nan nan nan nan 0.63674 0.01543 0.15014 0.00222 0.46875 0.02318 0.24777 0.00742
21 0.59810 0.00692 0.58723 0.00859 nan nan nan nan 0.62382 0.01584 0.15216 0.00205 0.47941 0.02162 0.25110 0.00730
22 0.58342 0.00612 0.56632 0.00728 nan nan nan nan 0.61141 0.01533 0.15374 0.00258 0.48678 0.02023 0.25371 0.00769
23 0.56812 0.00800 0.54533 0.00837 nan nan nan nan 0.59907 0.01678 0.15477 0.00281 0.49269 0.02384 0.25542 0.00839
24 0.55322 0.01079 0.52422 0.00765 nan nan nan nan 0.58666 0.01654 0.15525 0.00260 0.49454 0.02374 0.25621 0.00839
25 0.54094 0.01141 0.50613 0.00771 nan nan nan nan 0.57801 0.01781 0.15613 0.00263 0.49844 0.02483 0.25766 0.00818
26 0.52973 0.01662 0.48728 0.00767 nan nan nan nan 0.56813 0.02031 0.15633 0.00305 0.49914 0.02650 0.25801 0.00893
27 0.52152 0.01886 0.46905 0.00640 nan nan nan nan 0.55908 0.01995 0.15628 0.00307 0.49890 0.02505 0.25790 0.00835
28 0.51340 0.02335 0.45145 0.00665 nan nan nan nan 0.55059 0.01981 0.15598 0.00252 0.49796 0.02515 0.25741 0.00812
29 0.50979 0.02526 0.43640 0.00555 nan nan nan nan 0.54545 0.02075 0.15616 0.00259 0.49854 0.02489 0.25771 0.00792
30 0.50869 0.02669 0.42182 0.00677 nan nan nan nan 0.54106 0.02286 0.15615 0.00281 0.49855 0.02647 0.25770 0.00871
31 0.50695 0.02494 0.40745 0.00659 nan nan nan nan 0.53732 0.02171 0.15585 0.00250 0.49758 0.02524 0.25721 0.00826
32 0.50761 0.02504 0.39553 0.00564 nan nan nan nan 0.53632 0.02321 0.15618 0.00287 0.49863 0.02566 0.25775 0.00841
33 0.50661 0.02231 0.38305 0.00523 nan nan nan nan 0.53463 0.02106 0.15598 0.00252 0.49789 0.02300 0.25740 0.00740
34 0.50490 0.02206 0.37057 0.00409 nan nan nan nan 0.53259 0.02151 0.15547 0.00247 0.49628 0.02303 0.25656 0.00746
35 0.50474 0.02185 0.35986 0.00282 nan nan nan nan 0.53222 0.02121 0.15543 0.00266 0.49611 0.02271 0.25647 0.00700
36 0.50445 0.02391 0.34964 0.00515 nan nan nan nan 0.53179 0.02317 0.15531 0.00251 0.49583 0.02468 0.25632 0.00816
37 0.50443 0.02344 0.34019 0.00493 nan nan nan nan 0.53176 0.02247 0.15531 0.00259 0.49581 0.02416 0.25631 0.00793
38 0.50261 0.02489 0.32999 0.00463 nan nan nan nan 0.52984 0.02458 0.15474 0.00317 0.49403 0.02583 0.25538 0.00879
39 0.50129 0.02375 0.32071 0.00407 nan nan nan nan 0.52845 0.02312 0.15434 0.00262 0.49272 0.02452 0.25471 0.00793
40 0.50002 0.02418 0.31190 0.00429 nan nan nan nan 0.52711 0.02335 0.15396 0.00322 0.49148 0.02495 0.25406 0.00834
41 0.50011 0.02344 0.30436 0.00403 nan nan nan nan 0.52722 0.02290 0.15398 0.00260 0.49157 0.02431 0.25412 0.00804
42 0.49978 0.02387 0.29691 0.00365 nan nan nan nan 0.52687 0.02343 0.15388 0.00283 0.49125 0.02474 0.25394 0.00814
43 0.49843 0.02310 0.28924 0.00420 nan nan nan nan 0.52544 0.02242 0.15347 0.00286 0.48992 0.02402 0.25327 0.00819
44 0.49673 0.02221 0.28171 0.00318 nan nan nan nan 0.52364 0.02141 0.15295 0.00246 0.48824 0.02299 0.25240 0.00729
45 0.49393 0.02340 0.27387 0.00366 nan nan nan nan 0.52070 0.02290 0.15208 0.00285 0.48550 0.02431 0.25098 0.00817
46 0.49474 0.02436 0.26834 0.00381 nan nan nan nan 0.52154 0.02356 0.15232 0.00302 0.48629 0.02504 0.25137 0.00824
47 0.49465 0.02361 0.26260 0.00407 nan nan nan nan 0.52144 0.02274 0.15229 0.00221 0.48619 0.02419 0.25133 0.00777
48 0.49314 0.02332 0.25634 0.00324 nan nan nan nan 0.51986 0.02256 0.15184 0.00315 0.48472 0.02414 0.25057 0.00803
49 0.49159 0.02295 0.25033 0.00325 nan nan nan nan 0.51822 0.02196 0.15136 0.00274 0.48319 0.02359 0.24978 0.00756
50 0.48972 0.02389 0.24437 0.00329 nan nan nan nan 0.51625 0.02333 0.15077 0.00260 0.48135 0.02456 0.24882 0.00790
