# random greedy certified ratio vs k; n=100, 5 seed(s); mean (and sd) over seeds; nan = not shown
k dual dual_sd topk topk_sd total total_sd opt opt_sd lp lp_sd gamma1 gamma1_sd mu2 mu2_sd mu3 mu3_sd marg marg_sd hyb hyb_sd best best_sd
1 1.00000 0.00000 1.00000 0.00000 nan nan 1.00000 0.00000 1.00000 0.00000 0.00459 0.00010 0.04098 0.00600 0.01093 0.00044 1.00000 0.00000 1.00000 0.00000 1.00000 0.00000
2 0.98989 0.00782 0.98989 0.00782 nan nan 0.99017 0.00748 0.98989 0.00782 0.00910 0.00019 0.08116 0.01209 0.02164 0.00070 0.98989 0.00782 0.98989 0.00782 0.98989 0.00782
3 0.96565 0.01749 0.96565 0.01749 nan nan 0.96728 0.01614 0.96565 0.01749 0.01331 0.00034 0.11880 0.01807 0.03165 0.00075 0.96565 0.01749 0.96565 0.01749 0.96565 0.01749
4 0.93599 0.02339 0.93599 0.02339 nan nan nan nan 0.93599 0.02339 0.01720 0.00047 0.15348 0.02307 0.04090 0.00086 0.93599 0.02339 0.93599 0.02339 0.93599 0.02339
5 0.90125 0.02246 0.90125 0.02246 nan nan nan nan 0.90125 0.02246 0.02070 0.00058 0.18472 0.02772 0.04922 0.00111 0.90125 0.02246 0.90125 0.02246 0.90125 0.02246
6 0.85669 0.02062 0.85669 0.02062 nan nan nan nan 0.85669 0.02062 0.02361 0.00070 0.21072 0.03188 0.05616 0.00156 0.85669 0.02062 0.85669 0.02062 0.85669 0.02062
7 0.81030 0.01240 0.81030 0.01240 nan nan nan nan 0.81030 0.01240 0.02606 0.00049 0.23897 0.03598 0.06198 0.00183 0.81030 0.01240 0.81030 0.01240 0.81030 0.01240
8 0.76172 0.01356 0.76172 0.01356 nan nan nan nan 0.76172 0.01356 0.02799 0.00051 0.26291 0.03411 0.06659 0.00241 0.76172 0.01356 0.76172 0.01356 0.76172 0.01356
9 0.71102 0.01286 0.71102 0.01286 nan nan nan nan 0.71102 0.01286 0.02939 0.00041 0.28168 0.02568 0.06994 0.00280 0.71102 0.01286 0.71102 0.01286 0.71102 0.01286
10 0.65660 0.01568 0.65660 0.01568 nan nan nan nan 0.65660 0.01568 0.03016 0.00050 0.28896 0.02587 0.07177 0.00324 0.65660 0.01568 0.65660 0.01568 0.65660 0.01568
11 0.60792 0.01808 0.60792 0.01808 nan nan nan nan 0.60792 0.01808 0.03071 0.00061 0.29427 0.02644 0.07308 0.00332 0.60792 0.01808 0.60792 0.01808 0.60792 0.01808
12 0.56212 0.01308 0.56212 0.01308 nan nan nan nan 0.56212 0.01308 0.03098 0.00046 0.29688 0.02675 0.07382 0.00343 0.56212 0.01308 0.56212 0.01308 0.56212 0.01308
13 0.51931 0.01251 0.51931 0.01251 nan nan nan nan 0.51931 0.01251 0.03101 0.00053 0.29715 0.02721 0.07428 0.00362 0.51931 0.01251 0.51931 0.01251 0.51931 0.01251
14 0.48247 0.01376 0.48247 0.01376 nan nan nan nan 0.48247 0.01376 0.03102 0.00057 0.29727 0.02700 0.07484 0.00335 0.48247 0.01376 0.48247 0.01376 0.48247 0.01376
15 0.44813 0.01213 0.44813 0.01213 nan nan nan nan 0.44813 0.01213 0.03087 0.00044 0.29574 0.02556 0.07502 0.00338 0.44813 0.01213 0.44813 0.01213 0.44813 0.01213
16 0.41902 0.01154 0.41902 0.01154 nan nan nan nan 0.42112 0.01114 0.03079 0.00052 0.29495 0.02534 0.07508 0.00374 0.41902 0.01154 0.42115 0.01110 0.42115 0.01110
17 0.39425 0.01141 0.39400 0.01184 nan nan nan nan 0.40194 0.01350 0.03076 0.00058 0.29470 0.02589 0.07512 0.00356 0.39400 0.01184 0.40195 0.01350 0.40195 0.01350
18 0.37412 0.00865 0.37245 0.00967 nan nan nan nan 0.38819 0.01431 0.03079 0.00042 0.29502 0.02627 0.07519 0.00317 0.37245 0.00967 0.38835 0.01455 0.38835 0.01455
19 0.35776 0.01157 0.35083 0.00971 nan nan nan nan 0.37551 0.01466 0.03061 0.00055 0.29329 0.02568 0.07476 0.00344 0.35083 0.00971 0.37573 0.01492 0.37573 0.01492
20 0.34455 0.01142 0.33130 0.00744 nan nan nan nan 0.36503 0.01442 0.03043 0.00029 0.29173 0.02761 0.07430 0.00273 0.33588 0.00774 0.36524 0.01480 0.36524 0.01480
21 0.33422 0.01302 0.31489 0.00971 nan nan nan nan 0.35771 0.01452 0.03037 0.00047 0.29086 0.02445 0.07415 0.00324 0.32454 0.00997 0.35787 0.01473 0.35787 0.01473
22 0.32600 0.01577 0.30021 0.00753 nan nan nan nan 0.35240 0.01316 0.03033 0.00044 0.29065 0.02591 0.07407 0.00300 0.31551 0.01330 0.35253 0.01330 0.35253 0.01330
23 0.31826 0.01743 0.28574 0.00686 nan nan nan nan 0.34727 0.01258 0.03018 0.00039 0.28927 0.02645 0.07369 0.00256 0.30948 0.01432 0.34737 0.01269 0.34737 0.01269
24 0.31048 0.01981 0.27199 0.00773 nan nan nan nan 0.34241 0.01273 0.02998 0.00041 0.28723 0.02531 0.07320 0.00311 0.30354 0.01670 0.34252 0.01282 0.34252 0.01282
25 0.30536 0.02132 0.26090 0.00797 nan nan nan nan 0.34012 0.01286 0.02995 0.00046 0.28700 0.02551 0.07313 0.00275 0.29960 0.01754 0.34019 0.01291 0.34019 0.01291
26 0.30048 0.02293 0.24973 0.00681 nan nan nan nan 0.33721 0.01272 0.02982 0.00040 0.28578 0.02617 0.07279 0.00236 0.29490 0.01948 0.33722 0.01273 0.33722 0.01273
27 0.29703 0.02372 0.23999 0.00581 nan nan nan nan 0.33576 0.01350 0.02976 0.00042 0.28521 0.02613 0.07265 0.00253 0.29152 0.02124 0.33576 0.01350 0.33576 0.01350
28 0.29129 0.02185 0.22847 0.00704 nan nan nan nan 0.33091 0.01125 0.02938 0.00042 0.28137 0.02342 0.07172 0.00268 0.28615 0.01941 0.33091 0.01125 0.33091 0.01125
29 0.29012 0.02397 0.22064 0.00555 nan nan nan nan 0.33071 0.01086 0.02938 0.00021 0.28155 0.02468 0.07174 0.00229 0.28495 0.02127 0.33071 0.01086 0.33071 0.01086
30 0.28794 0.02612 0.21251 0.00540 nan nan nan nan 0.32942 0.01295 0.02928 0.00033 0.28063 0.02587 0.07148 0.00235 0.28285 0.02324 0.32942 0.01295 0.32942 0.01295
31 0.28601 0.02684 0.20508 0.00682 nan nan nan nan 0.32844 0.01311 0.02919 0.00050 0.27975 0.02530 0.07128 0.00272 0.28098 0.02360 0.32844 0.01311 0.32844 0.01311
32 0.28714 0.02780 0.20011 0.00666 nan nan nan nan 0.33085 0.01391 0.02941 0.00055 0.28180 0.02571 0.07179 0.00258 0.28208 0.02454 0.33085 0.01391 0.33085 0.01391
33 0.28360 0.02599 0.19232 0.00547 nan nan nan nan 0.32784 0.01084 0.02914 0.00033 0.27916 0.02339 0.07116 0.00258 0.27857 0.02296 0.32784 0.01084 0.32784 0.01084
34 0.28094 0.02432 0.18504 0.00593 nan nan nan nan 0.32497 0.01066 0.02889 0.00048 0.27664 0.02204 0.07055 0.00319 0.27591 0.02147 0.32497 0.01066 0.32497 0.01066
35 0.28297 0.02635 0.18098 0.00521 nan nan nan nan 0.32723 0.01182 0.02909 0.00044 0.27867 0.02401 0.07100 0.00195 0.27780 0.02323 0.32723 0.01182 0.32723 0.01182
36 0.28104 0.02758 0.17469 0.00486 nan nan nan nan 0.32490 0.01196 0.02888 0.00033 0.27675 0.02486 0.07051 0.00237 0.27582 0.02422 0.32490 0.01196 0.32490 0.01196
37 0.27977 0.02617 0.16928 0.00532 nan nan nan nan 0.32358 0.01284 0.02876 0.00050 0.27554 0.02391 0.07022 0.00246 0.27453 0.02298 0.32358 0.01284 0.32358 0.01284
38 0.27929 0.02626 0.16451 0.00443 nan nan nan nan 0.32299 0.01233 0.02871 0.00038 0.27506 0.02408 0.07009 0.00252 0.27402 0.02319 0.32299 0.01233 0.32299 0.01233
39 0.27938 0.02618 0.16035 0.00436 nan nan nan nan 0.32307 0.01124 0.02872 0.00037 0.27515 0.02382 0.07010 0.00188 0.27409 0.02297 0.32307 0.01124 0.32307 0.01124
40 0.27787 0.02798 0.15540 0.00378 nan nan nan nan 0.32124 0.01454 0.02855 0.00050 0.27367 0.02601 0.06969 0.00202 0.27261 0.02502 0.32124 0.01454 0.32124 0.01454
41 0.27732 0.02734 0.15133 0.00340 nan nan nan nan 0.32057 0.01095 0.02850 0.00016 0.27309 0.02472 0.06956 0.00209 0.27206 0.02407 0.32057 0.01095 0.32057 0.01095
42 0.27695 0.02613 0.14758 0.00334 nan nan nan nan 0.32025 0.01118 0.02847 0.00025 0.27276 0.02394 0.06950 0.00216 0.27171 0.02314 0.32025 0.01118 0.32025 0.01118
43 0.27658 0.02586 0.14400 0.00469 nan nan nan nan 0.31982 0.01013 0.02843 0.00037 0.27235 0.02292 0.06942 0.00269 0.27132 0.02227 0.31982 0.01013 0.31982 0.01013
44 0.27586 0.02539 0.14036 0.00381 nan nan nan nan 0.31904 0.01055 0.02836 0.00029 0.27168 0.02302 0.06924 0.00237 0.27064 0.02223 0.31904 0.01055 0.31904 0.01055
45 0.27237 0.02570 0.13549 0.00431 nan nan nan nan 0.31504 0.01385 0.02800 0.00058 0.26827 0.02380 0.06836 0.00270 0.26723 0.02277 0.31504 0.01385 0.31504 0.01385
46 0.27456 0.02706 0.13355 0.00363 nan nan nan nan 0.31745 0.01333 0.02821 0.00043 0.27040 0.02482 0.06888 0.00243 0.26936 0.02393 0.31745 0.01333 0.31745 0.01333
47 0.27400 0.02744 0.13045 0.00417 nan nan nan nan 0.31672 0.01168 0.02815 0.00043 0.26980 0.02445 0.06872 0.00205 0.26877 0.02375 0.31672 0.01168 0.31672 0.01168
48 0.27338 0.02791 0.12741 0.00391 nan nan nan nan 0.31605 0.01482 0.02809 0.00057 0.26923 0.02564 0.06857 0.00249 0.26819 0.02469 0.31605 0.01482 0.31605 0.01482
49 0.27295 0.02716 0.12463 0.00339 nan nan nan nan 0.31557 0.01342 0.02805 0.00043 0.26881 0.02489 0.06847 0.00242 0.26777 0.02402 0.31557 0.01342 0.31557 0.01342
50 0.27223 0.02727 0.12180 0.00307 nan nan nan nan 0.31470 0.01286 0.02797 0.00036 0.26809 0.02492 0.06828 0.00212 0.26706 0.02410 0.31470 0.01286 0.31470 0.01286
