# random greedy certified ratio vs k; n=100, 5 seed(s); mean (and sd) over seeds; nan = not shown
k dual dual_sd topk topk_sd total total_sd opt opt_sd
1 1.00000 0.00000 1.00000 0.00000 nan nan 1.00000 0.00000
2 0.99518 0.00373 0.99518 0.00373 nan nan 0.99531 0.00357
3 0.98361 0.00835 0.98361 0.00835 nan nan 0.98440 0.00768
4 0.96945 0.01116 0.96945 0.01116 nan nan nan nan
5 0.95286 0.01072 0.95286 0.01072 nan nan nan nan
6 0.93159 0.00984 0.93159 0.00984 nan nan nan nan
7 0.90945 0.00592 0.90945 0.00592 nan nan nan nan
8 0.88626 0.00647 0.88626 0.00647 nan nan nan nan
9 0.86206 0.00614 0.86206 0.00614 nan nan nan nan
10 0.83605 0.00749 0.83605 0.00749 nan nan nan nan
11 0.81248 0.00864 0.81248 0.00864 nan nan nan nan
12 0.78925 0.00638 0.78925 0.00638 nan nan nan nan
13 0.76556 0.00679 0.76556 0.00679 nan nan nan nan
14 0.74263 0.00816 0.74263 0.00816 nan nan nan nan
15 0.71896 0.00759 0.71896 0.00759 nan nan nan nan
16 0.69664 0.00792 0.69664 0.00792 nan nan nan nan
17 0.67493 0.00826 0.67493 0.00826 nan nan nan nan
18 0.65297 0.00871 0.65266 0.00848 nan nan nan nan
19 0.63155 0.00945 0.62953 0.00795 nan nan nan nan
20 0.61412 0.00626 0.60837 0.00766 nan nan nan nan
21 0.59810 0.00692 0.58723 0.00859 nan nan nan nan
22 0.58342 0.00612 0.56632 0.00728 nan nan nan nan
23 0.56812 0.00800 0.54533 0.00837 nan nan nan nan
24 0.55322 0.01079 0.52422 0.00765 nan nan nan nan
25 0.54094 0.01141 0.50613 0.00771 nan nan nan nan
26 0.52973 0.01662 0.48728 0.00767 nan nan nan nan
27 0.52152 0.01886 0.46905 0.00640 nan nan nan nan
28 0.51340 0.02335 0.45145 0.00665 nan nan nan nan
29 0.50979 0.02526 0.43640 0.00555 nan nan nan nan
30 0.50869 0.02669 0.42182 0.00677 nan nan nan nan
31 0.50695 0.02494 0.40745 0.00659 nan nan nan nan
32 0.50761 0.02504 0.39553 0.00564 nan nan nan nan
33 0.50661 0.02231 0.38305 0.00523 nan nan nan nan
34 0.50490 0.02206 0.37057 0.00409 nan nan nan nan
35 0.50474 0.02185 0.35986 0.00282 nan nan nan nan
36 0.50445 0.02391 0.34964 0.00515 nan nan nan nan
37 0.50443 0.02344 0.34019 0.00493 nan nan nan nan
38 0.50261 0.02489 0.32999 0.00463 nan nan nan nan
39 0.50129 0.02375 0.32071 0.00407 nan nan nan nan
40 0.50002 0.02418 0.31190 0.00429 nan nan nan nan
41 0.50011 0.02344 0.30436 0.00403 nan nan nan nan
42 0.49978 0.02387 0.29691 0.00365 nan nan nan nan
43 0.49843 0.02310 0.28924 0.00420 nan nan nan nan
44 0.49673 0.02221 0.28171 0.00318 nan nan nan nan
45 0.49393 0.02340 0.27387 0.00366 nan nan nan nan
46 0.49474 0.02436 0.26834 0.00381 nan nan nan nan
47 0.49465 0.02361 0.26260 0.00407 nan nan nan nan
48 0.49314 0.02332 0.25634 0.00324 nan nan nan nan
49 0.49159 0.02295 0.25033 0.00325 nan nan nan nan
50 0.48972 0.02389 0.24437 0.00329 nan nan nan nan
