# random greedy certified ratio vs k; n=300, 2 seed(s); mean (and sd) over seeds; nan = not shown
k dual dual_sd topk topk_sd total total_sd opt opt_sd lp lp_sd gamma1 gamma1_sd mu2 mu2_sd mu3 mu3_sd marg marg_sd
1 1.00000 0.00000 1.00000 0.00000 nan nan 1.00000 0.00000 1.00000 0.00000 0.00297 0.00000 0.01911 0.00026 0.00761 0.00002 1.00000 0.00000
5 0.98798 0.00152 0.98798 0.00152 nan nan nan nan 0.98798 0.00152 0.01469 0.00002 0.09441 0.00144 0.03760 0.00006 0.98798 0.00152
10 0.92350 0.00887 0.92350 0.00887 nan nan nan nan 0.92350 0.00887 0.02747 0.00025 0.17651 0.00411 0.07029 0.00046 0.92350 0.00887
15 0.84763 0.01478 0.84763 0.01478 nan nan nan nan 0.84763 0.01478 0.03782 0.00064 0.24302 0.00756 0.09677 0.00139 0.84763 0.01478
20 0.77115 0.01106 0.77115 0.01106 nan nan nan nan 0.77115 0.01106 0.04588 0.00064 0.29479 0.00826 0.11739 0.00133 0.77115 0.01106
25 0.70001 0.00972 0.70001 0.00972 nan nan nan nan 0.70001 0.00972 0.05206 0.00070 0.33449 0.00922 0.13320 0.00144 0.70001 0.00972
30 0.63114 0.01377 0.63114 0.01377 nan nan nan nan 0.63114 0.01377 0.05632 0.00121 0.36192 0.01284 0.14411 0.00270 0.63114 0.01377
35 0.56972 0.00521 0.56972 0.00521 nan nan nan nan 0.57926 0.00472 0.05931 0.00052 0.39700 0.00960 0.15177 0.00092 0.56972 0.00521
40 0.50802 0.00104 0.50280 0.00842 nan nan nan nan 0.53427 0.00236 0.05982 0.00098 0.41050 0.00131 0.15308 0.00210 0.50280 0.00842
45 0.46870 0.01245 0.44885 0.00473 nan nan nan nan 0.50080 0.00574 0.06008 0.00061 0.41229 0.00388 0.15373 0.00115 0.45481 0.00370
50 0.44993 0.01406 0.40853 0.00325 nan nan nan nan 0.48274 0.00515 0.06076 0.00046 0.41695 0.00500 0.15547 0.00076 0.43610 0.00576
55 0.42888 0.01315 0.36452 0.00253 nan nan nan nan 0.45895 0.00511 0.05964 0.00039 0.40924 0.00532 0.15259 0.00059 0.41709 0.00792
60 0.41971 0.01142 0.33478 0.00345 nan nan nan nan 0.45193 0.00500 0.05975 0.00059 0.41001 0.00396 0.15289 0.00111 0.41180 0.00648
65 0.41251 0.01369 0.30641 0.00044 nan nan nan nan 0.44457 0.01106 0.05924 0.00011 0.40658 0.00869 0.15159 0.00068 0.40686 0.00909
70 0.40889 0.00865 0.28297 0.00172 nan nan nan nan 0.44063 0.00797 0.05892 0.00034 0.40434 0.00560 0.15077 0.00046 0.40434 0.00560
75 0.40277 0.00410 0.26064 0.00382 nan nan nan nan 0.43469 0.00429 0.05815 0.00083 0.39899 0.00211 0.14878 0.00173 0.39899 0.00211
80 0.40197 0.00670 0.24410 0.00163 nan nan nan nan 0.43428 0.00775 0.05809 0.00037 0.39861 0.00529 0.14863 0.00054 0.39861 0.00529
85 0.40264 0.00073 0.23030 0.00476 nan nan nan nan 0.43527 0.00168 0.05823 0.00118 0.39953 0.00029 0.14899 0.00263 0.39953 0.00029
90 0.39438 0.00133 0.21309 0.00400 nan nan nan nan 0.42644 0.00245 0.05705 0.00105 0.39143 0.00046 0.14597 0.00230 0.39143 0.00046
95 0.39915 0.00590 0.20429 0.00151 nan nan nan nan 0.43160 0.00740 0.05773 0.00040 0.39615 0.00498 0.14771 0.00064 0.39615 0.00498
100 0.39499 0.01083 0.19202 0.00101 nan nan nan nan 0.42711 0.01272 0.05712 0.00032 0.39202 0.00988 0.14616 0.00121 0.39202 0.00988
