# random greedy certified ratio vs k; n=300, 2 seed(s); mean (and sd) over seeds; nan = not shown
k dual dual_sd topk topk_sd total total_sd opt opt_sd lp lp_sd gamma1 gamma1_sd mu2 mu2_sd mu3 mu3_sd marg marg_sd hyb hyb_sd best best_sd
1 1.00000 0.00000 1.00000 0.00000 nan nan 1.00000 0.00000 1.00000 0.00000 0.00108 0.00000 0.02256 0.00125 0.00371 0.00001 1.00000 0.00000 1.00000 0.00000 1.00000 0.00000
5 0.97481 0.00319 0.97481 0.00319 nan nan nan nan 0.97481 0.00319 0.00525 0.00001 0.10993 0.00572 0.01808 0.00009 0.97481 0.00319 0.97481 0.00319 0.97481 0.00319
10 0.83975 0.01857 0.83975 0.01857 nan nan nan nan 0.83975 0.01857 0.00905 0.00019 0.18948 0.00656 0.03115 0.00075 0.83975 0.01857 0.83975 0.01857 0.83975 0.01857
15 0.68081 0.03097 0.68081 0.03097 nan nan nan nan 0.68081 0.03097 0.01101 0.00049 0.24434 0.00903 0.03788 0.00180 0.68081 0.03097 0.68081 0.03097 0.68081 0.03097
20 0.52899 0.02126 0.52899 0.02126 nan nan nan nan 0.52899 0.02126 0.01140 0.00045 0.25319 0.01070 0.03925 0.00165 0.52899 0.02126 0.52899 0.02126 0.52899 0.02126
25 0.42287 0.01657 0.42287 0.01657 nan nan nan nan 0.42287 0.01657 0.01140 0.00043 0.25301 0.01095 0.03922 0.00161 0.42287 0.01657 0.42287 0.01657 0.42287 0.01657
30 0.34613 0.02291 0.34613 0.02291 nan nan nan nan 0.34613 0.02291 0.01119 0.00073 0.24824 0.00403 0.03852 0.00263 0.34613 0.02291 0.34613 0.02291 0.34613 0.02291
35 0.29717 0.00900 0.29676 0.00959 nan nan nan nan 0.30712 0.00158 0.01120 0.00035 0.24865 0.01247 0.03853 0.00132 0.29676 0.00959 0.30713 0.00160 0.30713 0.00160
40 0.26037 0.00100 0.25148 0.01358 nan nan nan nan 0.28427 0.00082 0.01084 0.00057 0.24059 0.00685 0.03732 0.00209 0.25464 0.00910 0.28427 0.00081 0.28427 0.00081
45 0.24645 0.00996 0.22156 0.01077 nan nan nan nan 0.27595 0.00073 0.01075 0.00051 0.23852 0.00808 0.03699 0.00187 0.24090 0.00471 0.27595 0.00074 0.27595 0.00074
50 0.24526 0.00790 0.20049 0.01040 nan nan nan nan 0.27677 0.00083 0.01081 0.00055 0.23979 0.00733 0.03719 0.00200 0.24109 0.00549 0.27677 0.00083 0.27677 0.00083
55 0.23742 0.00822 0.17779 0.00804 nan nan nan nan 0.27001 0.00099 0.01054 0.00046 0.23396 0.00871 0.03627 0.00171 0.23464 0.00774 0.27001 0.00099 0.27001 0.00099
60 0.23627 0.00649 0.16312 0.00792 nan nan nan nan 0.27024 0.00009 0.01055 0.00050 0.23414 0.00794 0.03631 0.00183 0.23446 0.00750 0.27024 0.00009 0.27024 0.00009
65 0.23247 0.00926 0.14822 0.00555 nan nan nan nan 0.26608 0.00305 0.01039 0.00038 0.23058 0.01038 0.03574 0.00141 0.23067 0.01025 0.26608 0.00305 0.26608 0.00305
70 0.22961 0.00404 0.13609 0.00817 nan nan nan nan 0.26296 0.00293 0.01027 0.00060 0.22779 0.00511 0.03534 0.00219 0.22780 0.00510 0.26296 0.00293 0.26296 0.00293
75 0.22732 0.00319 0.12577 0.00800 nan nan nan nan 0.26036 0.00383 0.01017 0.00063 0.22552 0.00425 0.03499 0.00229 0.22552 0.00425 0.26036 0.00383 0.26036 0.00383
80 0.22680 0.00644 0.11757 0.00579 nan nan nan nan 0.25971 0.00009 0.01014 0.00049 0.22502 0.00747 0.03489 0.00179 0.22502 0.00747 0.25971 0.00009 0.25971 0.00009
85 0.22714 0.00505 0.11085 0.00614 nan nan nan nan 0.26012 0.00169 0.01016 0.00055 0.22535 0.00610 0.03495 0.00200 0.22535 0.00610 0.26012 0.00169 0.26012 0.00169
90 0.22202 0.00731 0.10229 0.00458 nan nan nan nan 0.25422 0.00106 0.00992 0.00043 0.22028 0.00831 0.03415 0.00159 0.22028 0.00831 0.25422 0.00106 0.25422 0.00106
95 0.22903 0.00518 0.10001 0.00550 nan nan nan nan 0.26228 0.00160 0.01024 0.00055 0.22723 0.00624 0.03524 0.00201 0.22723 0.00624 0.26229 0.00160 0.26229 0.00160
100 0.22429 0.01138 0.09294 0.00250 nan nan nan nan 0.25675 0.00565 0.01002 0.00026 0.22253 0.01236 0.03448 0.00100 0.22253 0.01236 0.25675 0.00565 0.25675 0.00565
