# random greedy certified ratio vs k; n=20, 10 seed(s); mean (and sd) over seeds; nan = not shown
k dual dual_sd topk topk_sd total total_sd opt opt_sd lp lp_sd gamma1 gamma1_sd mu2 mu2_sd mu3 mu3_sd marg marg_sd
1 1.00000 0.00000 1.00000 0.00000 nan nan 1.00000 0.00000 1.00000 0.00000 0.02622 0.00299 0.09272 0.01586 0.05465 0.00268 1.00000 0.00000
2 0.92510 0.02766 0.92510 0.02766 nan nan 0.94623 0.02802 0.92510 0.02766 0.04845 0.00527 0.18242 0.02378 0.10114 0.00616 0.92510 0.02766
3 0.81543 0.01935 0.81543 0.01935 nan nan 0.90458 0.02284 0.81543 0.01935 0.06417 0.00776 0.25606 0.01840 0.13385 0.00804 0.81543 0.01935
4 0.67728 0.04379 0.67728 0.04379 nan nan 0.84796 0.02721 0.67728 0.04379 0.07121 0.01056 0.28361 0.02676 0.14880 0.01424 0.67728 0.04379
5 0.54428 0.04440 0.54428 0.04440 nan nan 0.80934 0.02442 0.54428 0.04440 0.07154 0.01115 0.28495 0.03068 0.15061 0.01675 0.54428 0.04440
6 0.45121 0.03849 0.45121 0.03849 nan nan 0.80501 0.02732 0.45121 0.03849 0.07119 0.01129 0.28345 0.03120 0.14983 0.01714 0.45121 0.03849
7 0.38626 0.03269 0.38626 0.03269 nan nan 0.80400 0.02687 0.39779 0.03347 0.07110 0.01135 0.28311 0.03105 0.14962 0.01682 0.38626 0.03269
8 0.33556 0.02860 0.33556 0.02860 nan nan 0.79826 0.02798 0.38186 0.03806 0.07058 0.01117 0.28103 0.03037 0.14856 0.01693 0.33556 0.02860
9 0.29906 0.02491 0.29642 0.02519 nan nan 0.79333 0.02755 0.37955 0.03841 0.07012 0.01097 0.27925 0.02975 0.14766 0.01697 0.29849 0.02493
10 0.27863 0.02292 0.26667 0.02350 nan nan 0.79276 0.02602 0.37945 0.03987 0.07011 0.01121 0.27912 0.03029 0.14762 0.01755 0.27691 0.02361
11 0.27052 0.02128 0.24185 0.02122 nan nan 0.79091 0.02533 0.37859 0.04012 0.06990 0.01091 0.27840 0.02953 0.14728 0.01764 0.26828 0.02251
12 0.26789 0.02099 0.22025 0.01937 nan nan 0.78577 0.02669 0.37617 0.04048 0.06945 0.01088 0.27656 0.02905 0.14632 0.01757 0.26482 0.02209
13 0.26561 0.02149 0.20181 0.01686 nan nan 0.78021 0.02708 0.37347 0.03968 0.06894 0.01070 0.27468 0.02948 0.14521 0.01666 0.26257 0.02254
14 0.26354 0.02146 0.18622 0.01563 nan nan 0.77536 0.02841 0.37113 0.03967 0.06850 0.01057 0.27292 0.02905 0.14431 0.01671 0.26052 0.02255
15 0.26299 0.02158 0.17368 0.01484 nan nan 0.77465 0.02664 0.37087 0.04018 0.06845 0.01060 0.27272 0.02931 0.14421 0.01695 0.25997 0.02257
16 0.26357 0.02282 0.16320 0.01458 nan nan 0.77627 0.02745 0.37183 0.04233 0.06859 0.01058 0.27336 0.03012 0.14457 0.01765 0.26055 0.02382
17 0.26291 0.02270 0.15322 0.01344 nan nan 0.77440 0.02713 0.37089 0.04179 0.06842 0.01051 0.27267 0.02968 0.14421 0.01749 0.25990 0.02369
18 0.26267 0.02188 0.14458 0.01234 nan nan 0.77386 0.02668 0.37053 0.04072 0.06836 0.01038 0.27240 0.02890 0.14408 0.01715 0.25965 0.02286
19 0.26157 0.02221 0.13638 0.01157 nan nan 0.77059 0.02830 0.36901 0.04133 0.06804 0.01018 0.27123 0.02872 0.14346 0.01707 0.25858 0.02329
20 0.26126 0.02254 0.12942 0.01145 nan nan 0.76949 0.02592 0.36855 0.04141 0.06799 0.01048 0.27102 0.03023 0.14330 0.01730 0.25826 0.02340
