# random greedy certified ratio vs k; n=20, 10 seed(s); mean (and sd) over seeds; nan = not shown
k dual dual_sd topk topk_sd total total_sd opt opt_sd
1 1.00000 0.00000 1.00000 0.00000 0.17694 0.01883 1.00000 0.00000
2 0.94120 0.01722 0.90527 0.03716 0.30652 0.02530 0.96336 0.02212
3 0.88576 0.02508 0.83983 0.03996 0.40673 0.02334 0.93967 0.01248
4 0.83974 0.02284 0.78299 0.03273 0.48694 0.02064 0.91542 0.02170
5 0.79102 0.01970 0.72784 0.02731 0.54673 0.01729 0.88897 0.01300
6 0.74332 0.02029 0.67260 0.02628 0.58888 0.01412 0.86521 0.01259
7 0.69037 0.01984 0.61672 0.02696 0.61343 0.01244 0.83913 0.01214
8 0.63704 0.01764 0.56302 0.02411 0.62405 0.01168 0.81401 0.02287
9 0.59060 0.01513 0.51863 0.02107 0.62824 0.01072 0.79640 0.02926
10 0.54919 0.01106 0.47930 0.01803 0.62884 0.01076 0.79348 0.02892
11 0.51339 0.00929 0.44604 0.01530 0.62732 0.01113 0.79154 0.02848
12 0.48383 0.00869 0.41827 0.01302 0.62577 0.01105 0.78958 0.02806
13 0.45915 0.00832 0.39496 0.01169 0.62386 0.01183 0.78713 0.02754
14 0.44268 0.00985 0.37459 0.00903 0.62134 0.01136 0.78397 0.02787
15 0.43672 0.01127 0.35718 0.00810 0.61967 0.01132 0.78187 0.02775
16 0.43515 0.01107 0.34237 0.00750 0.61812 0.01193 0.77988 0.02682
17 0.43357 0.01114 0.32910 0.00658 0.61586 0.01111 0.77707 0.02761
18 0.43304 0.01094 0.31868 0.00640 0.61511 0.01094 0.77614 0.02801
19 0.43280 0.01123 0.31112 0.00566 0.61476 0.01116 0.77568 0.02765
20 0.43265 0.01090 0.30728 0.00559 0.61456 0.01118 0.77543 0.02781
