# random greedy certified ratio vs k; n=20, 10 seed(s); mean (and sd) over seeds; nan = not shown
k dual dual_sd topk topk_sd total total_sd opt opt_sd lp lp_sd gamma1 gamma1_sd mu2 mu2_sd mu3 mu3_sd marg marg_sd hyb hyb_sd best best_sd
1 1.00000 0.00000 1.00000 0.00000 0.17694 0.01883 1.00000 0.00000 1.00000 0.00000 0.08457 0.01129 0.11236 0.01183 0.11019 0.01122 1.00000 0.00000 1.00000 0.00000 1.00000 0.00000
2 0.94120 0.01722 0.90527 0.03716 0.30652 0.02530 0.96336 0.02212 0.91390 0.03243 0.14655 0.01773 0.19471 0.01653 0.19086 0.01381 0.90527 0.03716 0.91835 0.02898 0.94176 0.01622
3 0.88576 0.02508 0.83983 0.03996 0.40673 0.02334 0.93967 0.01248 0.85687 0.03582 0.19443 0.01987 0.25886 0.01587 0.25329 0.01158 0.83983 0.03996 0.86621 0.02972 0.88709 0.02417
4 0.83974 0.02284 0.78299 0.03273 0.48694 0.02064 0.91542 0.02170 0.80818 0.02781 0.23271 0.02099 0.31369 0.01484 0.30330 0.00958 0.78299 0.03273 0.82279 0.02111 0.83985 0.02266
5 0.79102 0.01970 0.72784 0.02731 0.54673 0.01729 0.88897 0.01300 0.75704 0.02151 0.26120 0.02122 0.35704 0.01120 0.34059 0.00755 0.72784 0.02731 0.77740 0.01770 0.79102 0.01970
6 0.74332 0.02029 0.67260 0.02628 0.58888 0.01412 0.86521 0.01259 0.70615 0.02199 0.28121 0.02016 0.38561 0.00924 0.36688 0.00635 0.67260 0.02628 0.73391 0.01896 0.74352 0.01988
7 0.69037 0.01984 0.61672 0.02696 0.61343 0.01244 0.83913 0.01214 0.65831 0.02257 0.29286 0.01930 0.40171 0.00968 0.38220 0.00653 0.61672 0.02696 0.68534 0.01936 0.69149 0.01928
8 0.63704 0.01764 0.56302 0.02411 0.62405 0.01168 0.81401 0.02287 0.61763 0.01820 0.29788 0.01869 0.40870 0.01069 0.38883 0.00686 0.56318 0.02394 0.63642 0.01625 0.63986 0.01470
9 0.59060 0.01513 0.51863 0.02107 0.62824 0.01072 0.79640 0.02926 0.59140 0.01071 0.29985 0.01815 0.41146 0.01120 0.39146 0.00697 0.51945 0.02029 0.59909 0.01225 0.59925 0.01224
10 0.54919 0.01106 0.47930 0.01803 0.62884 0.01076 0.79348 0.02892 0.57827 0.01577 0.30013 0.01799 0.41186 0.01127 0.39183 0.00732 0.48050 0.01718 0.57983 0.01596 0.57983 0.01596
11 0.51339 0.00929 0.44604 0.01530 0.62732 0.01113 0.79154 0.02848 0.57939 0.02955 0.29940 0.01790 0.41086 0.01143 0.39089 0.00752 0.44720 0.01473 0.57955 0.02947 0.57955 0.02947
12 0.48383 0.00869 0.41827 0.01302 0.62577 0.01105 0.78958 0.02806 0.57656 0.03141 0.29866 0.01785 0.40985 0.01149 0.38992 0.00724 0.42131 0.01034 0.57657 0.03138 0.57657 0.03138
13 0.45915 0.00832 0.39496 0.01169 0.62386 0.01183 0.78713 0.02754 0.57478 0.03158 0.29773 0.01769 0.40860 0.01183 0.38873 0.00790 0.40836 0.01061 0.57478 0.03158 0.57478 0.03158
14 0.44268 0.00985 0.37459 0.00903 0.62134 0.01136 0.78397 0.02787 0.57247 0.03143 0.29655 0.01798 0.40695 0.01162 0.38715 0.00720 0.40452 0.01301 0.57247 0.03143 0.57247 0.03143
15 0.43672 0.01127 0.35718 0.00810 0.61967 0.01132 0.78187 0.02775 0.57093 0.03125 0.29574 0.01749 0.40586 0.01183 0.38612 0.00743 0.40319 0.01364 0.57093 0.03125 0.57093 0.03125
16 0.43515 0.01107 0.34237 0.00750 0.61812 0.01193 0.77988 0.02682 0.56954 0.03205 0.29501 0.01780 0.40484 0.01174 0.38515 0.00751 0.40218 0.01356 0.56954 0.03205 0.56954 0.03205
17 0.43357 0.01114 0.32910 0.00658 0.61586 0.01111 0.77707 0.02761 0.56743 0.03128 0.29393 0.01771 0.40336 0.01115 0.38374 0.00709 0.40070 0.01317 0.56743 0.03128 0.56743 0.03128
18 0.43304 0.01094 0.31868 0.00640 0.61511 0.01094 0.77614 0.02801 0.56673 0.03095 0.29357 0.01755 0.40287 0.01135 0.38328 0.00713 0.40022 0.01333 0.56673 0.03095 0.56673 0.03095
19 0.43280 0.01123 0.31112 0.00566 0.61476 0.01116 0.77568 0.02765 0.56641 0.03112 0.29340 0.01758 0.40264 0.01148 0.38306 0.00705 0.39999 0.01342 0.56641 0.03112 0.56641 0.03112
20 0.43265 0.01090 0.30728 0.00559 0.61456 0.01118 0.77543 0.02781 0.56622 0.03103 0.29332 0.01783 0.40251 0.01129 0.38293 0.00694 0.39986 0.01339 0.56622 0.03103 0.56622 0.03103
