# random greedy certified ratio vs k; n=3804, 3 seed(s); mean (and sd) over seeds; nan = not shown
k dual dual_sd topk topk_sd total total_sd opt opt_sd
1 1.00000 0.00000 1.00000 0.00000 nan nan 1.00000 0.00000
10 0.76396 0.00435 0.71270 0.00507 nan nan nan nan
20 0.69921 0.00560 0.60844 0.00685 nan nan nan nan
30 0.70378 0.00205 0.54728 0.00317 nan nan nan nan
40 0.70021 0.00410 0.50106 0.00305 nan nan nan nan
50 0.70071 0.00238 0.46915 0.00222 nan nan nan nan
60 0.70183 0.00084 0.44409 0.00054 nan nan nan nan
70 0.69881 0.00574 0.42119 0.00345 nan nan nan nan
80 0.69933 0.00268 0.40308 0.00109 nan nan nan nan
90 0.70153 0.00283 0.38988 0.00203 nan nan nan nan
100 0.70564 0.00221 0.37932 0.00144 nan nan nan nan
110 0.70734 0.00213 0.36875 0.00089 nan nan nan nan
120 0.70732 0.00089 0.35846 0.00007 nan nan nan nan
130 0.70878 0.00212 0.35002 0.00099 nan nan nan nan
140 0.71288 0.00355 0.34379 0.00131 nan nan nan nan
150 0.71192 0.00352 0.33605 0.00194 nan nan nan nan
160 0.71104 0.00075 0.32901 0.00039 0.47602 0.00084 nan nan
170 0.71027 0.00393 0.32255 0.00148 0.47876 0.00187 nan nan
180 0.71240 0.00183 0.31782 0.00068 0.48323 0.00048 nan nan
190 0.71174 0.00662 0.31221 0.00242 0.48558 0.00367 nan nan
200 0.70713 0.00134 0.30539 0.00111 0.48510 0.00119 nan nan
