# random greedy certified ratio vs k; n=3804, 3 seed(s); mean (and sd) over seeds; nan = not shown
k dual dual_sd topk topk_sd total total_sd opt opt_sd lp lp_sd gamma1 gamma1_sd mu2 mu2_sd mu3 mu3_sd marg marg_sd hyb hyb_sd best best_sd
1 1.00000 0.00000 1.00000 0.00000 0.04687 0.00003 1.00000 0.00000 1.00000 0.00000 0.02525 0.00003 0.05352 0.00013 0.04687 0.00003 1.00000 0.00000 1.00000 0.00000 1.00000 0.00000
10 0.76396 0.00435 0.71270 0.00507 0.20278 0.00367 nan nan 0.76108 0.00812 0.10927 0.00193 0.23157 0.00444 0.20278 0.00367 0.71270 0.00507 0.76647 0.00772 0.76651 0.00768
20 0.69921 0.00560 0.60844 0.00685 0.28156 0.00128 nan nan 0.72288 0.00565 0.15172 0.00082 0.32154 0.00198 0.28156 0.00128 0.66849 0.00579 0.72453 0.00552 0.72453 0.00552
30 0.70378 0.00205 0.54728 0.00317 0.32974 0.00062 nan nan 0.71681 0.00193 0.17768 0.00049 0.37656 0.00147 0.32974 0.00062 0.66394 0.00132 0.71869 0.00159 0.71869 0.00159
40 0.70021 0.00410 0.50106 0.00305 0.36309 0.00168 nan nan 0.71553 0.00374 0.19565 0.00096 0.41464 0.00144 0.36309 0.00168 0.66636 0.00241 0.71755 0.00387 0.71755 0.00387
50 0.70071 0.00238 0.46915 0.00222 0.38755 0.00139 nan nan 0.71375 0.00319 0.20884 0.00093 0.44258 0.00244 0.38755 0.00139 0.66395 0.00363 0.71831 0.00250 0.71831 0.00250
60 0.70183 0.00084 0.44409 0.00054 0.40545 0.00029 nan nan 0.71390 0.00042 0.21849 0.00027 0.46303 0.00140 0.40545 0.00029 0.65966 0.00180 0.71792 0.00095 0.71792 0.00095
70 0.69881 0.00574 0.42119 0.00345 0.41703 0.00274 nan nan 0.70976 0.00584 0.22473 0.00155 0.47625 0.00264 0.41703 0.00274 0.65513 0.00504 0.71419 0.00566 0.71419 0.00566
80 0.69933 0.00268 0.40308 0.00109 0.42748 0.00183 nan nan 0.70856 0.00361 0.23036 0.00113 0.48843 0.00332 0.42748 0.00183 0.65218 0.00299 0.71366 0.00302 0.71366 0.00302
90 0.70153 0.00283 0.38988 0.00203 0.43692 0.00153 nan nan 0.70823 0.00234 0.23544 0.00066 0.50688 0.00147 0.43692 0.00153 0.65005 0.00215 0.71496 0.00237 0.71496 0.00237
100 0.70564 0.00221 0.37932 0.00144 0.44612 0.00194 nan nan 0.70890 0.00219 0.24040 0.00103 0.52311 0.00243 0.44612 0.00194 0.65162 0.00157 0.71826 0.00246 0.71826 0.00246
110 0.70734 0.00213 0.36875 0.00089 0.45286 0.00083 nan nan 0.70720 0.00208 0.24403 0.00059 0.53561 0.00187 0.45286 0.00083 0.65130 0.00232 0.71928 0.00221 0.71928 0.00221
120 0.70732 0.00089 0.35846 0.00007 0.45779 0.00039 nan nan 0.70443 0.00106 0.24669 0.00041 0.54545 0.00117 0.45779 0.00039 0.64958 0.00114 0.71849 0.00105 0.71849 0.00105
130 0.70878 0.00212 0.35002 0.00099 0.46318 0.00169 nan nan 0.70339 0.00232 0.24959 0.00103 0.55509 0.00134 0.46318 0.00169 0.64933 0.00095 0.71942 0.00246 0.71942 0.00246
140 0.71288 0.00355 0.34379 0.00131 0.46993 0.00187 nan nan 0.70551 0.00342 0.25323 0.00122 0.56588 0.00428 0.46993 0.00187 0.65219 0.00268 0.72317 0.00351 0.72317 0.00351
150 0.71192 0.00352 0.33605 0.00194 0.47309 0.00293 nan nan 0.70321 0.00343 0.25493 0.00139 0.57030 0.00219 0.47309 0.00293 0.65060 0.00392 0.72187 0.00370 0.72187 0.00370
160 0.71104 0.00075 0.32901 0.00039 0.47602 0.00084 nan nan 0.70124 0.00046 0.25651 0.00027 0.57441 0.00033 0.47602 0.00084 0.64913 0.00120 0.72069 0.00047 0.72069 0.00047
170 0.71027 0.00393 0.32255 0.00148 0.47876 0.00187 nan nan 0.69955 0.00356 0.25799 0.00119 0.57790 0.00309 0.47876 0.00187 0.64765 0.00226 0.71972 0.00371 0.71972 0.00371
180 0.71240 0.00183 0.31782 0.00068 0.48323 0.00048 nan nan 0.70082 0.00138 0.26039 0.00048 0.58341 0.00120 0.48323 0.00048 0.64920 0.00085 0.72174 0.00165 0.72174 0.00165
190 0.71174 0.00662 0.31221 0.00242 0.48558 0.00367 nan nan 0.69949 0.00617 0.26166 0.00204 0.58626 0.00503 0.48558 0.00367 0.64816 0.00502 0.72098 0.00638 0.72098 0.00638
200 0.70713 0.00134 0.30539 0.00111 0.48510 0.00119 nan nan 0.69450 0.00111 0.26140 0.00077 0.58571 0.00132 0.48510 0.00119 0.64421 0.00207 0.71629 0.00156 0.71629 0.00156
