# random greedy certified ratio vs k; n=20, 10 seed(s); mean (and sd) over seeds; nan = not shown
k dual dual_sd topk topk_sd total total_sd opt opt_sd lp lp_sd gamma1 gamma1_sd mu2 mu2_sd mu3 mu3_sd marg marg_sd hyb hyb_sd best best_sd
1 1.00000 0.00000 1.00000 0.00000 0.20403 0.02398 1.00000 0.00000 1.00000 0.00000 0.14924 0.01775 0.25305 0.03283 0.20403 0.02398 1.00000 0.00000 1.00000 0.00000 1.00000 0.00000
2 0.84189 0.04203 0.80802 0.03901 0.30963 0.01891 0.95542 0.03042 0.84045 0.03015 0.22638 0.01225 0.38395 0.03090 0.30963 0.01891 0.80802 0.03901 0.84179 0.02982 0.85043 0.03808
3 0.74909 0.02700 0.67803 0.02592 0.37458 0.01675 0.93754 0.02151 0.73847 0.02401 0.27398 0.01260 0.47352 0.03108 0.37458 0.01675 0.67832 0.02546 0.75093 0.01999 0.75819 0.02331
4 0.68122 0.01361 0.58318 0.02797 0.41223 0.01241 0.92151 0.01376 0.66716 0.01525 0.30158 0.01138 0.53912 0.02759 0.41223 0.01241 0.61261 0.01580 0.68358 0.01566 0.68568 0.01330
5 0.63420 0.00727 0.50527 0.02395 0.43146 0.00791 0.90867 0.02154 0.63705 0.00951 0.31568 0.01022 0.56618 0.02137 0.43146 0.00791 0.59016 0.01213 0.64580 0.00959 0.64643 0.00934
6 0.60832 0.00925 0.43911 0.01957 0.43690 0.00555 0.89367 0.01634 0.62492 0.01222 0.31970 0.01093 0.57329 0.01936 0.43690 0.00555 0.58139 0.01349 0.62694 0.01179 0.62694 0.01179
7 0.59535 0.01078 0.38607 0.01596 0.43720 0.00480 0.88512 0.01557 0.62307 0.01247 0.31991 0.01034 0.57368 0.01886 0.43720 0.00480 0.57634 0.01677 0.62364 0.01154 0.62364 0.01154
8 0.58611 0.01316 0.34377 0.01349 0.43468 0.00404 0.87872 0.01478 0.61979 0.01222 0.31807 0.01041 0.57037 0.01835 0.43468 0.00404 0.57077 0.01772 0.62039 0.01126 0.62039 0.01126
9 0.58092 0.01330 0.31077 0.01143 0.43194 0.00315 0.87322 0.01579 0.61589 0.01183 0.31607 0.01005 0.56679 0.01819 0.43194 0.00315 0.56679 0.01819 0.61649 0.01099 0.61649 0.01099
10 0.57672 0.01385 0.28521 0.00987 0.42945 0.00326 0.86820 0.01625 0.61235 0.01223 0.31425 0.01016 0.56353 0.01840 0.42945 0.00326 0.56353 0.01840 0.61294 0.01143 0.61294 0.01143
11 0.57400 0.01279 0.26471 0.00896 0.42749 0.00264 0.86425 0.01707 0.60955 0.01187 0.31282 0.01035 0.56094 0.01768 0.42749 0.00264 0.56094 0.01768 0.61014 0.01111 0.61014 0.01111
12 0.57039 0.01273 0.24747 0.00867 0.42480 0.00246 0.85881 0.01624 0.60572 0.01173 0.31085 0.01003 0.55741 0.01739 0.42480 0.00246 0.55741 0.01739 0.60631 0.01096 0.60631 0.01096
13 0.56757 0.01350 0.23312 0.00879 0.42269 0.00235 0.85453 0.01595 0.60270 0.01152 0.30930 0.01001 0.55465 0.01798 0.42269 0.00235 0.55465 0.01798 0.60329 0.01075 0.60329 0.01075
14 0.56427 0.01394 0.22062 0.00874 0.42022 0.00230 0.84957 0.01769 0.59920 0.01232 0.30749 0.00974 0.55143 0.01860 0.42022 0.00230 0.55143 0.01860 0.59978 0.01160 0.59978 0.01160
15 0.56123 0.01333 0.20989 0.00855 0.41796 0.00213 0.84501 0.01759 0.59597 0.01199 0.30585 0.01003 0.54846 0.01807 0.41796 0.00213 0.54846 0.01807 0.59655 0.01129 0.59655 0.01129
16 0.55903 0.01289 0.20091 0.00791 0.41633 0.00179 0.84170 0.01684 0.59363 0.01122 0.30464 0.00940 0.54631 0.01755 0.41633 0.00179 0.54631 0.01755 0.59421 0.01049 0.59421 0.01049
17 0.55697 0.01343 0.19334 0.00788 0.41478 0.00179 0.83858 0.01713 0.59144 0.01169 0.30352 0.00966 0.54429 0.01790 0.41478 0.00179 0.54429 0.01790 0.59202 0.01098 0.59202 0.01098
18 0.55564 0.01284 0.18710 0.00807 0.41380 0.00179 0.83661 0.01794 0.59004 0.01170 0.30280 0.00989 0.54300 0.01764 0.41380 0.00179 0.54300 0.01764 0.59061 0.01102 0.59061 0.01102
19 0.55393 0.01320 0.18192 0.00727 0.41252 0.00147 0.83404 0.01850 0.58823 0.01190 0.30187 0.00973 0.54133 0.01781 0.41252 0.00147 0.54133 0.01781 0.58880 0.01121 0.58880 0.01121
20 0.55414 0.01371 0.17953 0.00772 0.41267 0.00203 0.83432 0.01789 0.58843 0.01208 0.30198 0.00991 0.54153 0.01833 0.41267 0.00203 0.54153 0.01833 0.58901 0.01138 0.58901 0.01138
