# random greedy certified ratio vs k; n=200, 5 seed(s); mean (and sd) over seeds; nan = not shown
k dual dual_sd topk topk_sd total total_sd opt opt_sd
1 1.00000 0.00000 1.00000 0.00000 nan nan 1.00000 0.00000
5 0.85056 0.00813 0.83676 0.00942 nan nan nan nan
10 0.72188 0.00837 0.69986 0.01147 nan nan nan nan
15 0.64105 0.00502 0.60047 0.01122 nan nan nan nan
20 0.62619 0.00211 0.52525 0.00960 nan nan nan nan
25 0.62722 0.00396 0.46776 0.00871 nan nan nan nan
30 0.62480 0.00322 0.42125 0.00841 nan nan nan nan
35 0.62422 0.00322 0.38283 0.00770 nan nan nan nan
40 0.62001 0.00246 0.35039 0.00748 nan nan nan nan
45 0.61335 0.00355 0.32274 0.00708 nan nan nan nan
50 0.60569 0.00349 0.29839 0.00671 0.41020 0.00222 nan nan
55 0.59708 0.00336 0.27679 0.00644 0.41383 0.00161 nan nan
60 0.58933 0.00286 0.25747 0.00574 0.41529 0.00144 nan nan
65 0.58111 0.00312 0.24035 0.00509 0.41559 0.00122 nan nan
70 0.57427 0.00224 0.22514 0.00459 0.41515 0.00118 nan nan
75 0.57153 0.00209 0.21188 0.00431 0.41465 0.00096 nan nan
80 0.57057 0.00239 0.20025 0.00398 0.41413 0.00103 nan nan
85 0.56932 0.00241 0.18976 0.00369 0.41324 0.00092 nan nan
90 0.56829 0.00239 0.18047 0.00341 0.41250 0.00083 nan nan
95 0.56729 0.00268 0.17212 0.00319 0.41177 0.00084 nan nan
100 0.56582 0.00281 0.16446 0.00303 0.41071 0.00055 nan nan
