# random greedy certified ratio vs k; n=200, 5 seed(s); mean (and sd) over seeds; nan = not shown
k dual dual_sd topk topk_sd total total_sd opt opt_sd lp lp_sd gamma1 gamma1_sd mu2 mu2_sd mu3 mu3_sd marg marg_sd hyb hyb_sd best best_sd
1 1.00000 0.00000 1.00000 0.00000 0.03436 0.00091 1.00000 0.00000 1.00000 0.00000 0.02704 0.00073 0.04439 0.00099 0.03436 0.00091 1.00000 0.00000 1.00000 0.00000 1.00000 0.00000
5 0.85056 0.00813 0.83676 0.00942 0.13657 0.00355 nan nan 0.84492 0.01111 0.10747 0.00309 0.17642 0.00369 0.13657 0.00355 0.83676 0.00942 0.84607 0.00951 0.85056 0.00813
10 0.72188 0.00837 0.69986 0.01147 0.22008 0.00394 nan nan 0.71969 0.01324 0.17317 0.00345 0.28430 0.00395 0.22008 0.00394 0.69986 0.01147 0.72298 0.01148 0.72413 0.01020
15 0.64105 0.00502 0.60047 0.01122 0.27565 0.00406 nan nan 0.63786 0.00580 0.21690 0.00358 0.35609 0.00395 0.27565 0.00406 0.61412 0.00499 0.64508 0.00692 0.64509 0.00690
20 0.62619 0.00211 0.52525 0.00960 0.31493 0.00444 nan nan 0.62233 0.00286 0.24781 0.00383 0.40684 0.00402 0.31493 0.00444 0.60638 0.00274 0.62980 0.00192 0.62980 0.00192
25 0.62722 0.00396 0.46776 0.00871 0.34419 0.00422 nan nan 0.61964 0.00218 0.27083 0.00367 0.44463 0.00394 0.34419 0.00422 0.60383 0.00477 0.63040 0.00296 0.63040 0.00296
30 0.62480 0.00322 0.42125 0.00841 0.36607 0.00407 nan nan 0.61731 0.00245 0.28805 0.00354 0.47291 0.00370 0.36607 0.00407 0.60514 0.00213 0.62816 0.00356 0.62816 0.00356
35 0.62422 0.00322 0.38283 0.00770 0.38261 0.00392 nan nan 0.61545 0.00305 0.30107 0.00347 0.49428 0.00385 0.38261 0.00392 0.60222 0.00394 0.62617 0.00344 0.62617 0.00344
40 0.62001 0.00246 0.35039 0.00748 0.39499 0.00320 nan nan 0.61171 0.00273 0.31080 0.00297 0.52217 0.00783 0.39499 0.00320 0.59661 0.00374 0.62185 0.00311 0.62185 0.00311
45 0.61335 0.00355 0.32274 0.00708 0.40414 0.00262 nan nan 0.60658 0.00355 0.31801 0.00265 0.54978 0.00440 0.40414 0.00262 0.58969 0.00233 0.61571 0.00309 0.61571 0.00309
50 0.60569 0.00349 0.29839 0.00671 0.41020 0.00222 nan nan 0.60096 0.00326 0.32277 0.00230 0.55965 0.00318 0.41020 0.00222 0.58393 0.00295 0.60810 0.00320 0.60810 0.00320
55 0.59708 0.00336 0.27679 0.00644 0.41383 0.00161 nan nan 0.59656 0.00295 0.32563 0.00194 0.56461 0.00276 0.41383 0.00161 0.57805 0.00413 0.60009 0.00342 0.60009 0.00342
60 0.58933 0.00286 0.25747 0.00574 0.41529 0.00144 nan nan 0.59266 0.00180 0.32677 0.00182 0.56660 0.00263 0.41529 0.00144 0.57142 0.00359 0.59375 0.00238 0.59375 0.00238
65 0.58111 0.00312 0.24035 0.00509 0.41559 0.00122 nan nan 0.58985 0.00091 0.32701 0.00189 0.56701 0.00284 0.41559 0.00122 0.56812 0.00315 0.58997 0.00097 0.58997 0.00097
70 0.57427 0.00224 0.22514 0.00459 0.41515 0.00118 nan nan 0.58702 0.00055 0.32666 0.00182 0.56641 0.00268 0.41515 0.00118 0.56683 0.00294 0.58703 0.00056 0.58703 0.00056
75 0.57153 0.00209 0.21188 0.00431 0.41465 0.00096 nan nan 0.58561 0.00108 0.32627 0.00170 0.56572 0.00245 0.41465 0.00096 0.56588 0.00259 0.58561 0.00108 0.58561 0.00108
80 0.57057 0.00239 0.20025 0.00398 0.41413 0.00103 nan nan 0.58487 0.00110 0.32586 0.00164 0.56501 0.00246 0.41413 0.00103 0.56505 0.00249 0.58487 0.00110 0.58487 0.00110
85 0.56932 0.00241 0.18976 0.00369 0.41324 0.00092 nan nan 0.58362 0.00120 0.32516 0.00163 0.56381 0.00240 0.41324 0.00092 0.56381 0.00240 0.58362 0.00120 0.58362 0.00120
90 0.56829 0.00239 0.18047 0.00341 0.41250 0.00083 nan nan 0.58257 0.00136 0.32458 0.00165 0.56279 0.00236 0.41250 0.00083 0.56279 0.00236 0.58257 0.00136 0.58257 0.00136
95 0.56729 0.00268 0.17212 0.00319 0.41177 0.00084 nan nan 0.58154 0.00127 0.32401 0.00159 0.56180 0.00261 0.41177 0.00084 0.56180 0.00261 0.58154 0.00127 0.58154 0.00127
100 0.56582 0.00281 0.16446 0.00303 0.41071 0.00055 nan nan 0.58004 0.00155 0.32317 0.00160 0.56035 0.00266 0.41071 0.00055 0.56035 0.00266 0.58004 0.00155 0.58004 0.00155
