# random greedy certified ratio vs k; n=4039, 3 seed(s); mean (and sd) over seeds; nan = not shown
k dual dual_sd topk topk_sd total total_sd opt opt_sd
1 1.00000 0.00000 1.00000 0.00000 0.04284 0.00058 1.00000 0.00000
10 0.68127 0.03044 0.65699 0.02919 0.12923 0.00578 nan nan
20 0.66805 0.01115 0.56933 0.01246 0.16433 0.00373 nan nan
30 0.67095 0.00872 0.48948 0.00816 0.18293 0.00292 nan nan
40 0.66910 0.00787 0.43534 0.00662 0.19863 0.00290 nan nan
50 0.68866 0.00409 0.40463 0.00287 0.21717 0.00168 nan nan
60 0.69440 0.00089 0.37443 0.00243 0.23061 0.00190 nan nan
70 0.69111 0.01176 0.34677 0.00670 0.24069 0.00475 nan nan
80 0.68758 0.00049 0.32440 0.00186 0.25009 0.00189 nan nan
90 0.68452 0.00639 0.30603 0.00238 0.25905 0.00226 nan nan
100 0.68590 0.00954 0.29232 0.00385 0.26914 0.00356 nan nan
110 0.68980 0.00226 0.28119 0.00174 0.27946 0.00200 nan nan
120 0.68482 0.00329 0.26791 0.00110 0.28549 0.00134 nan nan
130 0.68525 0.00193 0.25798 0.00103 0.29317 0.00113 nan nan
140 0.68510 0.00172 0.24867 0.00090 0.29994 0.00112 nan nan
150 0.68471 0.00588 0.24014 0.00253 0.30613 0.00278 nan nan
160 0.68735 0.00089 0.23347 0.00044 0.31341 0.00044 nan nan
170 0.68648 0.00550 0.22627 0.00138 0.31876 0.00237 nan nan
180 0.68264 0.00413 0.21875 0.00090 0.32248 0.00181 nan nan
190 0.68276 0.00726 0.21314 0.00178 0.32783 0.00314 nan nan
200 0.68125 0.00121 0.20743 0.00056 0.33208 0.00037 nan nan
