# random greedy certified ratio vs k; n=4039, 3 seed(s); mean (and sd) over seeds; nan = not shown
k dual dual_sd topk topk_sd total total_sd opt opt_sd lp lp_sd gamma1 gamma1_sd mu2 mu2_sd mu3 mu3_sd marg marg_sd hyb hyb_sd best best_sd
1 1.00000 0.00000 1.00000 0.00000 0.04284 0.00058 1.00000 0.00000 1.00000 0.00000 0.03135 0.00042 0.05677 0.00080 0.04284 0.00058 1.00000 0.00000 1.00000 0.00000 1.00000 0.00000
10 0.68127 0.03044 0.65699 0.02919 0.12923 0.00578 nan nan 0.66712 0.02995 0.09457 0.00426 0.17125 0.00781 0.12923 0.00578 0.65699 0.02919 0.67413 0.02998 0.68127 0.03044
20 0.66805 0.01115 0.56933 0.01246 0.16433 0.00373 nan nan 0.68895 0.01204 0.12026 0.00262 0.21775 0.00472 0.16433 0.00373 0.66349 0.01037 0.69142 0.01203 0.69142 0.01203
30 0.67095 0.00872 0.48948 0.00816 0.18293 0.00292 nan nan 0.67211 0.01170 0.13387 0.00209 0.24240 0.00366 0.18293 0.00292 0.66023 0.00861 0.67752 0.01030 0.67752 0.01030
40 0.66910 0.00787 0.43534 0.00662 0.19863 0.00290 nan nan 0.66711 0.01263 0.14537 0.00207 0.26321 0.00362 0.19863 0.00290 0.66157 0.01298 0.67345 0.00930 0.67345 0.00930
50 0.68866 0.00409 0.40463 0.00287 0.21717 0.00168 nan nan 0.68351 0.00843 0.15894 0.00108 0.28778 0.00194 0.21717 0.00168 0.68047 0.00812 0.68878 0.00424 0.68882 0.00418
60 0.69440 0.00089 0.37443 0.00243 0.23061 0.00190 nan nan 0.68774 0.00615 0.16877 0.00119 0.30558 0.00228 0.23061 0.00190 0.68291 0.00630 0.69430 0.00098 0.69443 0.00093
70 0.69111 0.01176 0.34677 0.00670 0.24069 0.00475 nan nan 0.68357 0.01658 0.17614 0.00337 0.31893 0.00599 0.24069 0.00475 0.67717 0.01569 0.69142 0.01196 0.69142 0.01196
80 0.68758 0.00049 0.32440 0.00186 0.25009 0.00189 nan nan 0.67932 0.00479 0.18303 0.00117 0.33140 0.00229 0.25009 0.00189 0.67176 0.00389 0.68846 0.00081 0.68846 0.00081
90 0.68452 0.00639 0.30603 0.00238 0.25905 0.00226 nan nan 0.67579 0.00912 0.18959 0.00157 0.34328 0.00268 0.25905 0.00226 0.66699 0.00725 0.68601 0.00702 0.68601 0.00702
100 0.68590 0.00954 0.29232 0.00385 0.26914 0.00356 nan nan 0.67698 0.00955 0.19697 0.00256 0.35665 0.00490 0.26914 0.00356 0.66857 0.00858 0.68803 0.00897 0.68803 0.00897
110 0.68980 0.00226 0.28119 0.00174 0.27946 0.00200 nan nan 0.68090 0.00363 0.20452 0.00129 0.37031 0.00228 0.27946 0.00200 0.67385 0.00511 0.69170 0.00335 0.69170 0.00335
120 0.68482 0.00329 0.26791 0.00110 0.28549 0.00134 nan nan 0.67607 0.00476 0.20894 0.00102 0.37831 0.00156 0.28549 0.00134 0.66947 0.00573 0.68665 0.00510 0.68665 0.00510
130 0.68525 0.00193 0.25798 0.00103 0.29317 0.00113 nan nan 0.67697 0.00188 0.21456 0.00059 0.38849 0.00132 0.29317 0.00113 0.66995 0.00326 0.68690 0.00149 0.68690 0.00149
140 0.68510 0.00172 0.24867 0.00090 0.29994 0.00112 nan nan 0.67668 0.00312 0.21951 0.00058 0.39745 0.00117 0.29994 0.00112 0.66862 0.00449 0.68637 0.00139 0.68637 0.00139
150 0.68471 0.00588 0.24014 0.00253 0.30613 0.00278 nan nan 0.67579 0.00613 0.22404 0.00192 0.40566 0.00381 0.30613 0.00278 0.66626 0.00741 0.68572 0.00564 0.68572 0.00564
160 0.68735 0.00089 0.23347 0.00044 0.31341 0.00044 nan nan 0.67781 0.00105 0.22937 0.00058 0.41530 0.00087 0.31341 0.00044 0.66749 0.00198 0.68857 0.00115 0.68857 0.00115
170 0.68648 0.00550 0.22627 0.00138 0.31876 0.00237 nan nan 0.67610 0.00666 0.23329 0.00161 0.42240 0.00274 0.31876 0.00237 0.66567 0.00663 0.68786 0.00555 0.68786 0.00555
180 0.68264 0.00413 0.21875 0.00090 0.32248 0.00181 nan nan 0.67166 0.00529 0.23600 0.00127 0.42732 0.00204 0.32248 0.00181 0.66135 0.00387 0.68417 0.00417 0.68417 0.00417
190 0.68276 0.00726 0.21314 0.00178 0.32783 0.00314 nan nan 0.67118 0.00828 0.23992 0.00215 0.43441 0.00374 0.32783 0.00314 0.66079 0.00525 0.68444 0.00722 0.68444 0.00722
200 0.68125 0.00121 0.20743 0.00056 0.33208 0.00037 nan nan 0.66922 0.00124 0.24303 0.00054 0.44005 0.00091 0.33208 0.00037 0.65874 0.00219 0.68288 0.00116 0.68288 0.00116
