# random greedy certified ratio vs k; n=20, 10 seed(s); mean (and sd) over seeds; nan = not shown
k dual dual_sd topk topk_sd total total_sd opt opt_sd
1 1.00000 0.00000 1.00000 0.00000 0.20403 0.02398 1.00000 0.00000
2 0.84189 0.04203 0.80802 0.03901 0.30963 0.01891 0.95542 0.03042
3 0.74909 0.02700 0.67803 0.02592 0.37458 0.01675 0.93754 0.02151
4 0.68122 0.01361 0.58318 0.02797 0.41223 0.01241 0.92151 0.01376
5 0.63420 0.00727 0.50527 0.02395 0.43146 0.00791 0.90867 0.02154
6 0.60832 0.00925 0.43911 0.01957 0.43690 0.00555 0.89367 0.01634
7 0.59535 0.01078 0.38607 0.01596 0.43720 0.00480 0.88512 0.01557
8 0.58611 0.01316 0.34377 0.01349 0.43468 0.00404 0.87872 0.01478
9 0.58092 0.01330 0.31077 0.01143 0.43194 0.00315 0.87322 0.01579
10 0.57672 0.01385 0.28521 0.00987 0.42945 0.00326 0.86820 0.01625
11 0.57400 0.01279 0.26471 0.00896 0.42749 0.00264 0.86425 0.01707
12 0.57039 0.01273 0.24747 0.00867 0.42480 0.00246 0.85881 0.01624
13 0.56757 0.01350 0.23312 0.00879 0.42269 0.00235 0.85453 0.01595
14 0.56427 0.01394 0.22062 0.00874 0.42022 0.00230 0.84957 0.01769
15 0.56123 0.01333 0.20989 0.00855 0.41796 0.00213 0.84501 0.01759
16 0.55903 0.01289 0.20091 0.00791 0.41633 0.00179 0.84170 0.01684
17 0.55697 0.01343 0.19334 0.00788 0.41478 0.00179 0.83858 0.01713
18 0.55564 0.01284 0.18710 0.00807 0.41380 0.00179 0.83661 0.01794
19 0.55393 0.01320 0.18192 0.00727 0.41252 0.00147 0.83404 0.01850
20 0.55414 0.01371 0.17953 0.00772 0.41267 0.00203 0.83432 0.01789
