# Directed cut: violation rate vs k over n = 20 rows with OPT (1 instance(s), 200 rows); nan = no bound produced
k m1 m2 m3lit m3fav a1 a2
1 0.00000 0.00000 nan 1.00000 0.00000 0.00000
2 0.00000 0.00000 nan 1.00000 0.00000 0.00000
3 0.00000 0.00000 nan 1.00000 0.00000 0.00000
4 0.00000 0.00000 nan 1.00000 0.00000 0.00000
5 0.10000 0.00000 nan 1.00000 0.00000 0.10000
6 0.40000 0.00000 nan 1.00000 0.00000 0.40000
7 1.00000 0.00000 nan 1.00000 0.00000 0.70000
8 1.00000 0.20000 nan 1.00000 0.20000 1.00000
9 1.00000 0.40000 nan 1.00000 0.40000 1.00000
10 1.00000 0.50000 nan 1.00000 0.50000 1.00000
11 1.00000 0.50000 nan 1.00000 0.50000 1.00000
12 1.00000 0.50000 nan 1.00000 0.50000 1.00000
13 1.00000 0.50000 nan 1.00000 0.50000 1.00000
14 1.00000 0.50000 nan 1.00000 0.50000 1.00000
15 1.00000 0.50000 nan 1.00000 0.50000 1.00000
16 1.00000 0.50000 nan 1.00000 0.50000 1.00000
17 1.00000 0.50000 nan 1.00000 0.50000 1.00000
18 1.00000 0.50000 nan 1.00000 0.50000 1.00000
19 1.00000 0.50000 nan 1.00000 0.50000 1.00000
20 1.00000 0.50000 nan 1.00000 0.50000 1.00000
