# Diverse rec.: violation rate vs k over n = 20 rows with OPT (2 instance(s), 400 rows); nan = no bound produced
k m1 m2 m3lit m3fav a1 a2
1 0.00000 0.00000 0.00000 0.50000 0.00000 0.00000
2 0.00000 0.00000 0.00000 0.50000 0.00000 0.00000
3 0.00000 0.00000 0.00000 0.50000 0.00000 0.00000
4 0.00000 0.00000 0.00000 0.50000 0.00000 0.00000
5 0.00000 0.00000 0.00000 0.50000 0.00000 0.00000
6 0.00000 0.00000 0.00000 0.50000 0.00000 0.00000
7 0.00000 0.00000 nan 1.00000 0.00000 0.00000
8 0.50000 0.00000 nan 1.00000 0.00000 0.45000
9 0.50000 0.25000 nan 1.00000 0.25000 0.50000
10 0.50000 0.50000 nan 1.00000 0.50000 0.50000
11 0.65000 0.50000 nan 1.00000 0.50000 0.65000
12 1.00000 0.50000 nan 1.00000 0.50000 1.00000
13 1.00000 1.00000 nan 1.00000 1.00000 1.00000
14 1.00000 1.00000 nan 1.00000 1.00000 1.00000
15 1.00000 1.00000 nan 1.00000 1.00000 1.00000
16 1.00000 1.00000 nan 1.00000 1.00000 1.00000
17 1.00000 1.00000 nan 1.00000 1.00000 1.00000
18 1.00000 1.00000 nan 1.00000 1.00000 1.00000
19 1.00000 1.00000 nan 1.00000 1.00000 1.00000
20 1.00000 1.00000 nan 1.00000 1.00000 1.00000
